127preID   127ResID  127PDB   127Below    127Below+-     127Above      127Above+-     127Middle     127Middle+-
127          5       2.128      nan       0.000          2.383       0.182       nan       0.000
127          6       2.232      nan       0.000          2.248       0.021       nan       0.000
127          7       2.065      nan       0.000          2.169       0.049       nan       0.000
127          8       1.944      nan       0.000          2.010       0.112       nan       0.000
127          9       2.197      nan       0.000          nan       0.000       1.857       0.134
127         10       2.283      nan       0.000          2.254       0.126       nan       0.000
127         11       2.122      nan       0.000          2.152       0.086       nan       0.000
127         12       2.230      nan       0.000          nan       0.000       1.921       0.106
127         13       2.486      nan       0.000          2.158       0.157       nan       0.000
127         14       2.458      nan       0.000          nan       0.000       1.958       0.140
127         15       2.366      0.639       0.129          nan       0.000       nan       0.000
127         16       2.603      0.588       0.114          nan       0.000       nan       0.000
127         17       2.780      0.460       0.104          nan       0.000       nan       0.000
127         18       2.759      0.595       0.128          nan       0.000       nan       0.000
127         19       2.893      0.071       0.040          nan       0.000       nan       0.000
127         20       3.131      0.347       0.087          nan       0.000       nan       0.000
127         21       3.291      0.554       0.121          nan       0.000       nan       0.000
127         22       3.563      0.771       0.143          nan       0.000       nan       0.000
127         23       3.580      0.257       0.090          nan       0.000       nan       0.000
127         24       3.723      0.584       0.115          nan       0.000       nan       0.000
127         25       3.647      0.340       0.094          nan       0.000       nan       0.000
127         26       3.638      0.480       0.109          nan       0.000       nan       0.000
127         27       3.497      0.106       0.053          nan       0.000       nan       0.000
127         28       3.674      0.241       0.086          nan       0.000       nan       0.000
127         29       3.864      0.677       0.119          nan       0.000       nan       0.000
127         30       3.813      nan       0.000          2.121       0.083       nan       0.000
127         31       3.599      0.579       0.118          nan       0.000       nan       0.000
127         32       3.373      nan       0.000          nan       0.000       1.929       0.017
127         33       3.419      0.742       0.126          nan       0.000       nan       0.000
127         34       3.440      0.674       0.123          nan       0.000       nan       0.000
127         35       3.189      0.295       0.089          nan       0.000       nan       0.000
127         36       3.064      0.577       0.114          nan       0.000       nan       0.000
127         37       3.210      0.511       0.111          nan       0.000       nan       0.000
127         38       3.138      0.791       0.125          nan       0.000       nan       0.000
127         39       2.874      0.676       0.136          nan       0.000       nan       0.000
127         40       2.952      0.805       0.170          nan       0.000       nan       0.000
127         41       3.082      0.176       0.070          nan       0.000       nan       0.000
127         42       3.397      nan       0.000          nan       0.000       1.802       0.017
127         44       3.886      nan       0.000          nan       0.000       1.965       0.036
127         45       4.144      nan       0.000          nan       0.000       1.681       0.131
127         46       4.307      0.576       0.130          nan       0.000       nan       0.000
127         47       4.131      0.260       0.084          nan       0.000       nan       0.000
127         48       3.895      0.252       0.081          nan       0.000       nan       0.000
127         49       4.030      nan       0.000          2.159       0.173       nan       0.000
127         50       4.105      0.429       0.108          nan       0.000       nan       0.000
127         51       3.857      0.301       0.091          nan       0.000       nan       0.000
127         52       3.747      0.426       0.114          nan       0.000       nan       0.000
127         53       3.952      0.675       0.147          nan       0.000       nan       0.000
127         54       3.922      nan       0.000          nan       0.000       1.258       0.173
127         55       3.682      0.277       0.084          nan       0.000       nan       0.000
127         56       3.744      0.509       0.119          nan       0.000       nan       0.000
127         57       3.863      0.235       0.081          nan       0.000       nan       0.000
127         58       4.005      0.247       0.086          nan       0.000       nan       0.000
127         59       4.212      0.184       0.074          nan       0.000       nan       0.000
127         60       4.294      0.097       0.055          nan       0.000       nan       0.000
127         61       4.293      0.735       0.139          nan       0.000       nan       0.000
127         62       4.040      0.174       0.080          nan       0.000       nan       0.000
127         63       3.685      0.431       0.100          nan       0.000       nan       0.000
127         64       3.502      0.640       0.116          nan       0.000       nan       0.000
127         65       3.353      0.235       0.071          nan       0.000       nan       0.000
127         67       3.301      0.659       0.107          nan       0.000       nan       0.000
127         68       3.112      0.375       0.094          nan       0.000       nan       0.000
127         69       2.939      0.586       0.117          nan       0.000       nan       0.000
127         70       3.064      0.489       0.110          nan       0.000       nan       0.000
127         71       3.022      0.427       0.099          nan       0.000       nan       0.000
127         72       2.743      0.336       0.105          nan       0.000       nan       0.000
127         73       2.642      0.518       0.124          nan       0.000       nan       0.000
127         74       2.780      nan       0.000          2.159       0.188       nan       0.000
127         75       2.844      nan       0.000          nan       0.000       1.817       0.077
127         76       2.792      nan       0.000          2.151       0.098       nan       0.000
127         77       2.890      nan       0.000          nan       0.000       1.863       0.100
127         80       2.656      nan       0.000          2.059       0.143       nan       0.000
127         81       2.463      nan       0.000          2.028       0.088       nan       0.000
127         82       2.243      nan       0.000          2.110       0.104       nan       0.000
127         83       2.332      0.449       0.108          nan       0.000       nan       0.000
127         84       2.334      0.315       0.092          nan       0.000       nan       0.000
127         85       2.078      1.017       0.137          nan       0.000       nan       0.000
127         86       2.097      0.688       0.131          nan       0.000       nan       0.000
127         87       2.328      0.364       0.102          nan       0.000       nan       0.000
127         88       2.211      0.375       0.105          nan       0.000       nan       0.000
127         89       2.008      0.460       0.113          nan       0.000       nan       0.000
127         90       2.212      0.562       0.116          nan       0.000       nan       0.000
127         91       2.359      0.375       0.102          nan       0.000       nan       0.000
127         92       2.190      0.315       0.091          nan       0.000       nan       0.000
127         93       2.113      0.443       0.114          nan       0.000       nan       0.000
127         94       2.349      0.531       0.120          nan       0.000       nan       0.000
127         95       2.558      nan       0.000          nan       0.000       1.250       0.148
127         96       2.520      0.698       0.145          nan       0.000       nan       0.000
127         97       2.419      0.340       0.095          nan       0.000       nan       0.000
127         98       2.198      0.815       0.125          nan       0.000       nan       0.000
127         99       1.967      0.188       0.084          nan       0.000       nan       0.000
127        100       1.770      0.768       0.119          nan       0.000       nan       0.000
127        101       1.861      1.124       0.135          nan       0.000       nan       0.000
127        102       1.906      nan       0.000          2.137       0.080       nan       0.000
127        103       2.150      nan       0.000          2.373       0.057       nan       0.000
127        104       2.199      nan       0.000          nan       0.000       1.739       0.132
127        105       2.015      nan       0.000          nan       0.000       1.800       0.133
127        106       2.088      nan       0.000          nan       0.000       1.994       0.137
127        107       2.345      nan       0.000          nan       0.000       1.820       0.135
127        108       2.305      0.852       0.136          nan       0.000       nan       0.000
127        109       2.153      0.610       0.110          nan       0.000       nan       0.000
127        110       2.357      0.887       0.126          nan       0.000       nan       0.000
127        111       2.561      0.183       0.075          nan       0.000       nan       0.000
127        112       2.491      1.025       0.133          nan       0.000       nan       0.000
127        113       2.565      0.622       0.125          nan       0.000       nan       0.000
127        114       2.435      0.882       0.138          nan       0.000       nan       0.000
127        115       2.438      nan       0.000          2.160       0.091       nan       0.000
127        116       2.294      nan       0.000          2.516       0.128       nan       0.000
127        117       2.265      nan       0.000          2.071       0.085       nan       0.000
127        118       2.229      nan       0.000          nan       0.000       1.922       0.019
127        119       2.092      nan       0.000          nan       0.000       1.953       0.016
127        120       1.898      nan       0.000          nan       0.000       1.817       0.012
127        121       1.787      nan       0.000          nan       0.000       1.758       0.013
127        122       1.674      nan       0.000          nan       0.000       1.603       0.008
127        123       1.445      1.048       0.022          nan       0.000       nan       0.000
127        124       1.296      nan       0.000          nan       0.000       1.248       0.021
127        125       1.282      nan       0.000          nan       0.000       1.239       0.023
127        126       1.110      nan       0.000          nan       0.000       1.218       0.023
127        127       0.853      1.200       0.020          nan       0.000       nan       0.000
127        128       0.847      1.125       0.026          nan       0.000       nan       0.000
127        129       0.960      nan       0.000          nan       0.000       1.278       0.016
127        130       0.848      nan       0.000          nan       0.000       1.316       0.026
127        131       0.964      nan       0.000          nan       0.000       1.549       0.011
127        132       1.133      nan       0.000          nan       0.000       1.587       0.013
127        133       1.400      nan       0.000          2.062       0.039       nan       0.000
127        134       1.539      nan       0.000          nan       0.000       1.833       0.020
127        135       1.529      nan       0.000          nan       0.000       1.940       0.013
127        136       1.399      nan       0.000          2.055       0.044       nan       0.000
127        137       1.400      nan       0.000          nan       0.000       1.750       0.088
127        138       1.601      0.935       0.127          nan       0.000       nan       0.000
127        139       1.479      nan       0.000          2.170       0.083       nan       0.000
127        140       1.197      nan       0.000          nan       0.000       1.928       0.038
127        141       1.260      nan       0.000          nan       0.000       1.757       0.031
127        142       1.335      0.239       0.090          nan       0.000       nan       0.000
127        143       1.109      nan       0.000          nan       0.000       1.375       0.011
127        144       0.983      nan       0.000          nan       0.000       1.382       0.019
127        145       1.183      1.187       0.031          nan       0.000       nan       0.000
127        146       1.210      nan       0.000          nan       0.000       1.296       0.020
