42preID   42ResID  42PDB    42Below     42Below+-     42Above       42Above+-     42Middle     42Middle+-
 42          5       3.996      0.421       0.105          nan       0.000       nan       0.000
 42          6       3.991      nan       0.000          2.292       0.088       nan       0.000
 42          7       3.852      nan       0.000          2.025       0.134       nan       0.000
 42          8       3.635      0.679       0.124          nan       0.000       nan       0.000
 42          9       3.480      0.279       0.085          nan       0.000       nan       0.000
 42         10       3.470      1.163       0.146          nan       0.000       nan       0.000
 42         11       3.288      0.832       0.134          nan       0.000       nan       0.000
 42         12       3.074      0.747       0.127          nan       0.000       nan       0.000
 42         13       3.029      0.754       0.126          nan       0.000       nan       0.000
 42         14       2.938      0.774       0.128          nan       0.000       nan       0.000
 42         15       2.697      0.564       0.116          nan       0.000       nan       0.000
 42         16       2.560      0.460       0.105          nan       0.000       nan       0.000
 42         17       2.551      0.407       0.098          nan       0.000       nan       0.000
 42         18       2.374      0.721       0.129          nan       0.000       nan       0.000
 42         19       2.123      0.720       0.115          nan       0.000       nan       0.000
 42         20       2.181      0.827       0.125          nan       0.000       nan       0.000
 42         21       2.171      0.849       0.123          nan       0.000       nan       0.000
 42         22       2.231      0.750       0.119          nan       0.000       nan       0.000
 42         23       2.465      0.386       0.097          nan       0.000       nan       0.000
 42         24       2.582      0.699       0.124          nan       0.000       nan       0.000
 42         25       2.673      0.818       0.126          nan       0.000       nan       0.000
 42         26       2.483      0.877       0.129          nan       0.000       nan       0.000
 42         27       2.183      0.494       0.101          nan       0.000       nan       0.000
 42         28       1.915      nan       0.000          nan       0.000       1.633       0.115
 42         29       1.609      nan       0.000          nan       0.000       1.790       0.056
 42         30       1.367      nan       0.000          nan       0.000       1.408       0.020
 42         31       1.530      nan       0.000          nan       0.000       1.772       0.047
 42         33       1.266      nan       0.000          nan       0.000       1.413       0.024
 42         34       1.157      nan       0.000          nan       0.000       1.385       0.021
 42         35       1.339      nan       0.000          nan       0.000       1.703       0.023
 42         36       1.299      nan       0.000          nan       0.000       1.402       0.022
 42         37       1.060      nan       0.000          nan       0.000       1.291       0.041
 42         38       1.187      nan       0.000          nan       0.000       1.376       0.013
 42         39       1.394      nan       0.000          nan       0.000       1.360       0.023
 42         40       1.273      nan       0.000          nan       0.000       1.419       0.019
 42         41       1.130      nan       0.000          nan       0.000       1.471       0.015
 42         42       0.845      nan       0.000          nan       0.000       1.413       0.029
 42         44       0.746      nan       0.000          nan       0.000       1.423       0.026
 42         45       0.813      nan       0.000          nan       0.000       1.373       0.015
 42         46       1.061      nan       0.000          nan       0.000       1.537       0.010
 42         47       1.186      nan       0.000          nan       0.000       1.673       0.018
 42         48       1.240      nan       0.000          nan       0.000       1.599       0.020
 42         49       1.397      nan       0.000          nan       0.000       1.910       0.017
 42         50       1.606      nan       0.000          2.182       0.070       nan       0.000
 42         51       1.685      nan       0.000          2.005       0.075       nan       0.000
 42         52       1.780      nan       0.000          nan       0.000       1.916       0.124
 42         53       1.975      0.806       0.122          nan       0.000       nan       0.000
 42         54       2.156      1.117       0.140          nan       0.000       nan       0.000
 42         55       2.279      nan       0.000          2.050       0.117       nan       0.000
 42         56       2.449      0.524       0.103          nan       0.000       nan       0.000
 42         57       2.766      0.368       0.104          nan       0.000       nan       0.000
 42         58       2.945      0.401       0.113          nan       0.000       nan       0.000
 42         59       2.882      0.249       0.082          nan       0.000       nan       0.000
 42         60       2.725      0.529       0.111          nan       0.000       nan       0.000
 42         61       2.466      nan       0.000          nan       0.000       1.938       0.124
 42         62       2.256      0.260       0.084          nan       0.000       nan       0.000
 42         63       2.199      0.578       0.113          nan       0.000       nan       0.000
 42         64       2.463      nan       0.000          nan       0.000       1.486       0.125
 42         65       2.714      nan       0.000          nan       0.000       1.875       0.141
 42         67       2.866      0.582       0.100          nan       0.000       nan       0.000
 42         68       2.692      0.273       0.079          nan       0.000       nan       0.000
 42         69       2.899      0.663       0.115          nan       0.000       nan       0.000
 42         70       3.016      nan       0.000          2.013       0.169       nan       0.000
 42         71       2.817      0.401       0.098          nan       0.000       nan       0.000
 42         72       2.846      0.592       0.108          nan       0.000       nan       0.000
 42         73       3.139      0.320       0.098          nan       0.000       nan       0.000
 42         74       3.250      0.412       0.099          nan       0.000       nan       0.000
 42         75       3.384      nan       0.000          nan       0.000       1.886       0.078
 42         76       3.230      nan       0.000          nan       0.000       1.920       0.088
 42         77       3.124      nan       0.000          nan       0.000       1.647       0.117
 42         80       2.887      nan       0.000          nan       0.000       1.890       0.121
 42         81       2.897      nan       0.000          2.088       0.057       nan       0.000
 42         82       2.964      nan       0.000          nan       0.000       1.749       0.140
 42         83       2.730      nan       0.000          2.185       0.138       nan       0.000
 42         84       2.535      0.708       0.125          nan       0.000       nan       0.000
 42         85       2.592      0.620       0.121          nan       0.000       nan       0.000
 42         86       2.549      nan       0.000          nan       0.000       1.859       0.149
 42         87       2.271      nan       0.000          nan       0.000       1.795       0.148
 42         88       2.212      0.628       0.120          nan       0.000       nan       0.000
 42         89       2.338      0.419       0.103          nan       0.000       nan       0.000
 42         90       2.175      nan       0.000          nan       0.000       1.854       0.112
 42         91       1.935      nan       0.000          2.082       0.059       nan       0.000
 42         92       2.032      nan       0.000          nan       0.000       1.538       0.112
 42         93       2.161      nan       0.000          nan       0.000       1.784       0.105
 42         94       1.973      nan       0.000          2.092       0.051       nan       0.000
 42         95       1.922      nan       0.000          nan       0.000       1.931       0.138
 42         96       2.072      nan       0.000          2.085       0.122       nan       0.000
 42         97       2.344      0.522       0.114          nan       0.000       nan       0.000
 42         98       2.541      nan       0.000          nan       0.000       1.742       0.134
 42         99       2.687      0.349       0.115          nan       0.000       nan       0.000
 42        100       2.743      0.974       0.129          nan       0.000       nan       0.000
 42        101       2.791      0.911       0.115          nan       0.000       nan       0.000
 42        102       2.939      0.388       0.102          nan       0.000       nan       0.000
 42        103       2.780      0.917       0.133          nan       0.000       nan       0.000
 42        104       2.540      nan       0.000          nan       0.000       1.993       0.107
 42        105       2.543      nan       0.000          nan       0.000       1.996       0.111
 42        106       2.583      nan       0.000          nan       0.000       1.238       0.158
 42        107       2.356      nan       0.000          nan       0.000       1.974       0.090
 42        109       2.314      0.939       0.134          nan       0.000       nan       0.000
 42        110       2.301      1.079       0.131          nan       0.000       nan       0.000
 42        111       1.998      nan       0.000          2.002       0.038       nan       0.000
 42        112       2.020      nan       0.000          nan       0.000       1.922       0.097
 42        113       2.161      nan       0.000          nan       0.000       1.656       0.098
 42        114       2.414      nan       0.000          nan       0.000       1.993       0.115
 42        115       2.680      nan       0.000          2.027       0.034       nan       0.000
 42        116       2.831      nan       0.000          2.429       0.151       nan       0.000
 42        117       3.089      0.338       0.092          nan       0.000       nan       0.000
 42        118       3.228      nan       0.000          2.094       0.069       nan       0.000
 42        119       3.491      nan       0.000          2.129       0.144       nan       0.000
 42        120       3.482      0.210       0.077          nan       0.000       nan       0.000
 42        121       3.267      1.082       0.155          nan       0.000       nan       0.000
 42        122       3.377      0.442       0.111          nan       0.000       nan       0.000
 42        123       3.592      0.479       0.115          nan       0.000       nan       0.000
 42        124       3.436      0.458       0.120          nan       0.000       nan       0.000
 42        125       3.329      0.366       0.099          nan       0.000       nan       0.000
 42        126       3.590      0.551       0.111          nan       0.000       nan       0.000
 42        127       3.695      0.000       0.000          nan       0.000       nan       0.000
 42        128       3.500      0.641       0.119          nan       0.000       nan       0.000
 42        129       3.494      0.000       0.000          nan       0.000       nan       0.000
 42        130       3.670      0.145       0.064          nan       0.000       nan       0.000
 42        131       3.811      0.175       0.072          nan       0.000       nan       0.000
 42        132       3.878      0.591       0.117          nan       0.000       nan       0.000
 42        133       3.748      0.244       0.085          nan       0.000       nan       0.000
 42        134       3.611      0.350       0.103          nan       0.000       nan       0.000
 42        135       3.343      0.836       0.133          nan       0.000       nan       0.000
 42        136       3.125      nan       0.000          nan       0.000       1.982       0.140
 42        137       3.093      0.988       0.121          nan       0.000       nan       0.000
 42        138       2.992      0.506       0.106          nan       0.000       nan       0.000
 42        139       3.209      nan       0.000          2.296       0.129       nan       0.000
 42        140       3.337      0.699       0.126          nan       0.000       nan       0.000
 42        141       3.110      0.812       0.118          nan       0.000       nan       0.000
 42        143       3.350      0.611       0.121          nan       0.000       nan       0.000
 42        144       3.320      0.595       0.128          nan       0.000       nan       0.000
 42        145       3.172      0.387       0.103          nan       0.000       nan       0.000
 42        146       3.332      0.599       0.120          nan       0.000       nan       0.000
