53preID   53ResID  53PDB    53Below     53Below+-     53Above       53Above+-     53Middle     53Middle+-
 53          5       3.292      0.693       0.125          nan       0.000       nan       0.000
 53          6       3.200      nan       0.000          2.188       0.065       nan       0.000
 53          7       3.210      nan       0.000          2.264       0.074       nan       0.000
 53          8       3.132      nan       0.000          nan       0.000       1.991       0.130
 53          9       2.845      0.942       0.146          nan       0.000       nan       0.000
 53         10       2.807      0.460       0.111          nan       0.000       nan       0.000
 53         11       2.849      0.263       0.090          nan       0.000       nan       0.000
 53         12       2.640      nan       0.000          2.871       0.330       nan       0.000
 53         13       2.438      0.000       0.000          nan       0.000       nan       0.000
 53         14       2.512      nan       0.000          2.089       0.135       nan       0.000
 53         15       2.504      0.536       0.118          nan       0.000       nan       0.000
 53         16       2.232      0.812       0.130          nan       0.000       nan       0.000
 53         17       2.177      0.741       0.133          nan       0.000       nan       0.000
 53         18       2.288      0.823       0.130          nan       0.000       nan       0.000
 53         19       2.134      0.362       0.100          nan       0.000       nan       0.000
 53         20       1.893      0.856       0.129          nan       0.000       nan       0.000
 53         21       1.956      nan       0.000          nan       0.000       1.923       0.131
 53         22       1.868      0.544       0.116          nan       0.000       nan       0.000
 53         23       1.809      0.765       0.130          nan       0.000       nan       0.000
 53         24       1.590      0.693       0.124          nan       0.000       nan       0.000
 53         25       1.494      0.306       0.084          nan       0.000       nan       0.000
 53         26       1.326      nan       0.000          nan       0.000       1.871       0.127
 53         27       1.369      nan       0.000          nan       0.000       1.668       0.097
 53         28       1.354      nan       0.000          nan       0.000       1.897       0.084
 53         29       1.333      nan       0.000          nan       0.000       1.413       0.017
 53         30       1.609      nan       0.000          nan       0.000       1.611       0.016
 53         31       1.739      nan       0.000          nan       0.000       1.881       0.074
 53         32       1.813      0.392       0.100          nan       0.000       nan       0.000
 53         33       1.956      nan       0.000          2.010       0.044       nan       0.000
 53         34       2.164      nan       0.000          2.013       0.097       nan       0.000
 53         35       2.344      nan       0.000          2.014       0.015       nan       0.000
 53         36       2.419      nan       0.000          nan       0.000       1.795       0.129
 53         37       2.565      nan       0.000          nan       0.000       1.852       0.126
 53         38       2.756      0.379       0.095          nan       0.000       nan       0.000
 53         39       2.885      0.790       0.122          nan       0.000       nan       0.000
 53         40       2.992      1.119       0.149          nan       0.000       nan       0.000
 53         41       2.876      0.615       0.117          nan       0.000       nan       0.000
 53         42       2.733      nan       0.000          nan       0.000       1.674       0.041
 53         44       2.203      nan       0.000          2.135       0.106       nan       0.000
 53         45       1.946      nan       0.000          nan       0.000       1.667       0.010
 53         46       1.773      nan       0.000          nan       0.000       1.538       0.009
 53         47       1.784      nan       0.000          nan       0.000       1.563       0.013
 53         48       1.694      nan       0.000          nan       0.000       1.654       0.066
 53         49       1.437      nan       0.000          nan       0.000       1.274       0.020
 53         50       1.362      1.103       0.026          nan       0.000       nan       0.000
 53         51       1.464      nan       0.000          nan       0.000       1.376       0.019
 53         52       1.333      nan       0.000          nan       0.000       1.249       0.025
 53         53       1.077      1.132       0.030          nan       0.000       nan       0.000
 53         54       1.186      nan       0.000          nan       0.000       1.226       0.020
 53         55       1.325      nan       0.000          nan       0.000       1.339       0.024
 53         56       1.163      nan       0.000          nan       0.000       1.235       0.016
 53         57       1.075      nan       0.000          nan       0.000       1.232       0.039
 53         58       0.988      nan       0.000          nan       0.000       1.508       0.015
 53         59       0.741      nan       0.000          nan       0.000       1.363       0.014
 53         60       0.537      nan       0.000          nan       0.000       1.206       0.033
 53         61       0.480      nan       0.000          nan       0.000       1.474       0.022
 53         62       0.754      1.181       0.024          nan       0.000       nan       0.000
 53         63       1.106      nan       0.000          nan       0.000       1.686       0.037
 53         64       1.275      nan       0.000          nan       0.000       1.843       0.089
 53         65       1.510      0.225       0.073          nan       0.000       nan       0.000
 53         67       1.586      nan       0.000          nan       0.000       1.681       0.116
 53         68       1.703      nan       0.000          nan       0.000       1.745       0.140
 53         69       1.936      nan       0.000          2.002       0.165       nan       0.000
 53         70       1.920      0.763       0.126          nan       0.000       nan       0.000
 53         71       1.937      nan       0.000          2.027       0.098       nan       0.000
 53         72       2.186      nan       0.000          nan       0.000       1.924       0.044
 53         73       2.387      0.526       0.123          nan       0.000       nan       0.000
 53         74       2.422      0.302       0.100          nan       0.000       nan       0.000
 53         75       2.627      nan       0.000          nan       0.000       1.707       0.073
 53         76       2.744      nan       0.000          nan       0.000       1.944       0.055
 53         77       2.856      nan       0.000          nan       0.000       1.796       0.046
 53         80       3.098      nan       0.000          nan       0.000       1.786       0.055
 53         81       3.052      nan       0.000          nan       0.000       1.913       0.082
 53         82       3.270      nan       0.000          nan       0.000       1.972       0.130
 53         83       3.242      0.718       0.127          nan       0.000       nan       0.000
 53         84       3.025      0.783       0.142          nan       0.000       nan       0.000
 53         85       3.170      0.808       0.137          nan       0.000       nan       0.000
 53         86       3.355      0.678       0.133          nan       0.000       nan       0.000
 53         87       3.198      1.059       0.144          nan       0.000       nan       0.000
 53         88       3.092      0.025       0.025          nan       0.000       nan       0.000
 53         89       3.349      0.676       0.127          nan       0.000       nan       0.000
 53         90       3.434      0.696       0.124          nan       0.000       nan       0.000
 53         91       3.261      0.603       0.127          nan       0.000       nan       0.000
 53         92       3.305      0.693       0.119          nan       0.000       nan       0.000
 53         93       3.562      0.905       0.139          nan       0.000       nan       0.000
 53         94       3.568      0.549       0.125          nan       0.000       nan       0.000
 53         95       3.750      0.932       0.133          nan       0.000       nan       0.000
 53         96       3.885      0.626       0.121          nan       0.000       nan       0.000
 53         97       4.148      0.500       0.109          nan       0.000       nan       0.000
 53         98       4.204      0.413       0.097          nan       0.000       nan       0.000
 53         99       4.253      nan       0.000          2.151       0.094       nan       0.000
 53        100       4.207      0.850       0.115          nan       0.000       nan       0.000
 53        101       4.322      0.784       0.123          nan       0.000       nan       0.000
 53        102       4.442      0.947       0.136          nan       0.000       nan       0.000
 53        103       4.354      nan       0.000          2.093       0.120       nan       0.000
 53        104       4.153      nan       0.000          nan       0.000       1.861       0.143
 53        105       3.982      0.518       0.107          nan       0.000       nan       0.000
 53        106       3.937      nan       0.000          nan       0.000       1.843       0.132
 53        107       3.809      0.244       0.078          nan       0.000       nan       0.000
 53        108       3.563      0.932       0.130          nan       0.000       nan       0.000
 53        109       3.456      0.626       0.122          nan       0.000       nan       0.000
 53        110       3.408      0.315       0.091          nan       0.000       nan       0.000
 53        111       3.207      0.651       0.117          nan       0.000       nan       0.000
 53        112       2.986      0.809       0.130          nan       0.000       nan       0.000
 53        113       2.978      0.854       0.128          nan       0.000       nan       0.000
 53        114       3.183      0.347       0.096          nan       0.000       nan       0.000
 53        115       3.476      nan       0.000          2.261       0.075       nan       0.000
 53        116       3.734      nan       0.000          2.434       0.099       nan       0.000
 53        117       4.090      0.783       0.140          nan       0.000       nan       0.000
 53        118       4.410      nan       0.000          nan       0.000       1.948       0.040
 53        119       4.605      nan       0.000          2.108       0.135       nan       0.000
 53        120       4.463      0.544       0.118          nan       0.000       nan       0.000
 53        121       4.310      0.145       0.066          nan       0.000       nan       0.000
 53        122       4.510      0.239       0.092          nan       0.000       nan       0.000
 53        123       4.605      1.033       0.154          nan       0.000       nan       0.000
 53        124       4.357      nan       0.000          2.217       0.168       nan       0.000
 53        125       4.382      0.530       0.101          nan       0.000       nan       0.000
 53        126       4.640      0.398       0.100          nan       0.000       nan       0.000
 53        127       4.587      nan       0.000          2.098       0.148       nan       0.000
 53        128       4.411      0.375       0.099          nan       0.000       nan       0.000
 53        129       4.553      0.835       0.130          nan       0.000       nan       0.000
 53        130       4.701      0.510       0.110          nan       0.000       nan       0.000
 53        131       4.906      0.346       0.090          nan       0.000       nan       0.000
 53        132       5.084      nan       0.000          2.312       0.073       nan       0.000
 53        133       5.104      0.576       0.125          nan       0.000       nan       0.000
 53        134       5.047      0.610       0.115          nan       0.000       nan       0.000
 53        135       4.765      0.574       0.117          nan       0.000       nan       0.000
 53        136       4.417      0.520       0.110          nan       0.000       nan       0.000
 53        137       4.340      0.579       0.112          nan       0.000       nan       0.000
 53        138       4.248      0.870       0.130          nan       0.000       nan       0.000
 53        139       4.307      0.863       0.137          nan       0.000       nan       0.000
 53        140       4.340      0.628       0.114          nan       0.000       nan       0.000
 53        141       4.072      0.944       0.129          nan       0.000       nan       0.000
 53        142       3.944      nan       0.000          nan       0.000       1.958       0.052
 53        143       4.071      1.071       0.144          nan       0.000       nan       0.000
 53        144       3.985      0.695       0.150          nan       0.000       nan       0.000
 53        145       3.711      0.155       0.069          nan       0.000       nan       0.000
 53        146       3.708      0.475       0.108          nan       0.000       nan       0.000
