143preID   143ResID  143PDB   143Below    143Below+-     143Above      143Above+-     143Middle     143Middle+-
143          5       2.372      nan       0.000          2.440       0.181       nan       0.000
143          6       2.586      nan       0.000          2.329       0.036       nan       0.000
143          7       2.480      nan       0.000          2.274       0.046       nan       0.000
143          8       2.322      0.899       0.134          nan       0.000       nan       0.000
143          9       2.543      0.443       0.108          nan       0.000       nan       0.000
143         10       2.703      nan       0.000          2.205       0.099       nan       0.000
143         11       2.559      nan       0.000          2.167       0.121       nan       0.000
143         12       2.593      nan       0.000          2.090       0.104       nan       0.000
143         13       2.872      0.899       0.144          nan       0.000       nan       0.000
143         14       2.895      nan       0.000          2.056       0.130       nan       0.000
143         15       2.751      nan       0.000          nan       0.000       1.977       0.149
143         16       2.934      0.123       0.061          nan       0.000       nan       0.000
143         17       3.167      0.911       0.142          nan       0.000       nan       0.000
143         18       3.156      0.768       0.139          nan       0.000       nan       0.000
143         19       3.229      0.320       0.100          nan       0.000       nan       0.000
143         20       3.469      nan       0.000          nan       0.000       1.915       0.152
143         21       3.672      0.155       0.077          nan       0.000       nan       0.000
143         22       3.960      0.525       0.115          nan       0.000       nan       0.000
143         23       3.994      0.223       0.091          nan       0.000       nan       0.000
143         24       4.116      0.508       0.115          nan       0.000       nan       0.000
143         25       4.014      0.942       0.138          nan       0.000       nan       0.000
143         26       3.949      0.785       0.132          nan       0.000       nan       0.000
143         27       3.752      0.351       0.092          nan       0.000       nan       0.000
143         28       3.923      0.821       0.125          nan       0.000       nan       0.000
143         29       4.057      0.489       0.121          nan       0.000       nan       0.000
143         30       4.009      nan       0.000          2.157       0.053       nan       0.000
143         31       3.845      0.604       0.128          nan       0.000       nan       0.000
143         32       3.589      0.636       0.129          nan       0.000       nan       0.000
143         33       3.586      0.172       0.069          nan       0.000       nan       0.000
143         34       3.635      0.278       0.090          nan       0.000       nan       0.000
143         35       3.415      0.564       0.119          nan       0.000       nan       0.000
143         36       3.228      0.824       0.127          nan       0.000       nan       0.000
143         37       3.338      0.164       0.066          nan       0.000       nan       0.000
143         38       3.317      0.696       0.134          nan       0.000       nan       0.000
143         39       3.042      0.129       0.064          nan       0.000       nan       0.000
143         40       3.046      0.096       0.056          nan       0.000       nan       0.000
143         41       3.111      0.322       0.092          nan       0.000       nan       0.000
143         42       3.392      nan       0.000          2.001       0.044       nan       0.000
143         44       3.869      0.088       0.050          nan       0.000       nan       0.000
143         45       4.164      nan       0.000          2.134       0.091       nan       0.000
143         46       4.306      0.175       0.078          nan       0.000       nan       0.000
143         47       4.099      0.211       0.085          nan       0.000       nan       0.000
143         48       3.903      0.420       0.112          nan       0.000       nan       0.000
143         49       4.069      0.322       0.100          nan       0.000       nan       0.000
143         50       4.108      0.784       0.145          nan       0.000       nan       0.000
143         51       3.850      0.510       0.111          nan       0.000       nan       0.000
143         52       3.798      0.235       0.087          nan       0.000       nan       0.000
143         53       4.010      0.682       0.132          nan       0.000       nan       0.000
143         54       3.935      0.131       0.065          nan       0.000       nan       0.000
143         55       3.706      nan       0.000          nan       0.000       1.746       0.124
143         56       3.817      0.340       0.093          nan       0.000       nan       0.000
143         57       3.976      0.783       0.127          nan       0.000       nan       0.000
143         58       4.161      0.127       0.063          nan       0.000       nan       0.000
143         59       4.365      0.274       0.095          nan       0.000       nan       0.000
143         60       4.467      0.594       0.129          nan       0.000       nan       0.000
143         61       4.447      0.797       0.129          nan       0.000       nan       0.000
143         62       4.196      0.034       0.034          nan       0.000       nan       0.000
143         63       3.834      0.481       0.112          nan       0.000       nan       0.000
143         64       3.707      1.065       0.139          nan       0.000       nan       0.000
143         65       3.630      nan       0.000          2.090       0.195       nan       0.000
143         67       3.502      0.932       0.117          nan       0.000       nan       0.000
143         68       3.298      0.669       0.117          nan       0.000       nan       0.000
143         69       3.135      0.487       0.111          nan       0.000       nan       0.000
143         70       3.199      0.530       0.126          nan       0.000       nan       0.000
143         71       3.093      0.052       0.036          nan       0.000       nan       0.000
143         72       2.820      nan       0.000          nan       0.000       1.668       0.134
143         73       2.733      0.759       0.127          nan       0.000       nan       0.000
143         74       2.801      0.248       0.086          nan       0.000       nan       0.000
143         75       2.756      nan       0.000          nan       0.000       1.789       0.146
143         76       2.614      nan       0.000          nan       0.000       1.990       0.046
143         77       2.618      nan       0.000          nan       0.000       1.689       0.120
143         80       2.317      nan       0.000          nan       0.000       1.848       0.097
143         81       2.184      nan       0.000          nan       0.000       1.845       0.012
143         82       1.932      nan       0.000          nan       0.000       1.770       0.008
143         83       2.016      nan       0.000          2.283       0.137       nan       0.000
143         84       2.118      nan       0.000          2.121       0.015       nan       0.000
143         85       1.902      nan       0.000          nan       0.000       1.978       0.018
143         86       1.854      nan       0.000          nan       0.000       1.944       0.016
143         87       2.118      nan       0.000          2.246       0.049       nan       0.000
143         88       2.112      nan       0.000          2.158       0.068       nan       0.000
143         89       1.914      nan       0.000          2.137       0.098       nan       0.000
143         90       2.073      1.199       0.140          nan       0.000       nan       0.000
143         91       2.297      nan       0.000          2.019       0.117       nan       0.000
143         92       2.228      0.889       0.127          nan       0.000       nan       0.000
143         93       2.126      nan       0.000          nan       0.000       1.904       0.127
143         94       2.351      0.177       0.072          nan       0.000       nan       0.000
143         95       2.531      0.000       0.000          nan       0.000       nan       0.000
143         96       2.410      0.777       0.123          nan       0.000       nan       0.000
143         97       2.266      0.666       0.125          nan       0.000       nan       0.000
143         98       2.012      0.534       0.111          nan       0.000       nan       0.000
143         99       1.843      0.568       0.120          nan       0.000       nan       0.000
143        100       1.812      nan       0.000          nan       0.000       1.869       0.132
143        101       2.012      nan       0.000          nan       0.000       1.727       0.122
143        102       2.196      0.231       0.078          nan       0.000       nan       0.000
143        103       2.465      0.935       0.143          nan       0.000       nan       0.000
143        104       2.454      nan       0.000          nan       0.000       1.966       0.144
143        105       2.306      0.667       0.119          nan       0.000       nan       0.000
143        106       2.470      0.082       0.047          nan       0.000       nan       0.000
143        107       2.700      0.689       0.126          nan       0.000       nan       0.000
143        108       2.606      nan       0.000          2.374       0.157       nan       0.000
143        109       2.522      0.000       0.000          nan       0.000       nan       0.000
143        110       2.779      0.559       0.118          nan       0.000       nan       0.000
143        111       2.914      0.631       0.122          nan       0.000       nan       0.000
143        112       2.843      0.271       0.087          nan       0.000       nan       0.000
143        113       2.985      0.449       0.110          nan       0.000       nan       0.000
143        114       2.920      nan       0.000          nan       0.000       1.852       0.142
143        115       2.996      nan       0.000          nan       0.000       1.892       0.011
143        116       2.871      nan       0.000          2.407       0.135       nan       0.000
143        117       2.876      0.434       0.105          nan       0.000       nan       0.000
143        118       2.815      nan       0.000          2.160       0.047       nan       0.000
143        119       2.722      1.125       0.174          nan       0.000       nan       0.000
143        120       2.561      0.275       0.089          nan       0.000       nan       0.000
143        121       2.388      0.587       0.119          nan       0.000       nan       0.000
143        122       2.241      0.968       0.160          nan       0.000       nan       0.000
143        123       2.074      nan       0.000          2.515       0.099       nan       0.000
143        124       1.916      nan       0.000          2.229       0.040       nan       0.000
143        125       1.788      nan       0.000          nan       0.000       1.813       0.091
143        126       1.624      nan       0.000          2.035       0.014       nan       0.000
143        127       1.451      nan       0.000          nan       0.000       1.740       0.006
143        128       1.305      nan       0.000          nan       0.000       1.490       0.012
143        129       1.247      nan       0.000          nan       0.000       1.425       0.011
143        130       0.990      nan       0.000          nan       0.000       1.279       0.038
143        131       0.899      nan       0.000          nan       0.000       1.350       0.019
143        132       1.132      nan       0.000          nan       0.000       1.701       0.012
143        133       1.378      nan       0.000          2.004       0.033       nan       0.000
143        134       1.611      1.048       0.126          nan       0.000       nan       0.000
143        135       1.634      nan       0.000          2.129       0.014       nan       0.000
143        136       1.521      nan       0.000          2.144       0.038       nan       0.000
143        137       1.333      nan       0.000          nan       0.000       1.504       0.021
143        138       1.354      nan       0.000          nan       0.000       1.586       0.026
143        139       1.104      nan       0.000          nan       0.000       1.229       0.019
143        140       0.929      nan       0.000          nan       0.000       1.341       0.013
143        141       1.134      nan       0.000          nan       0.000       1.326       0.024
143        142       1.132      nan       0.000          nan       0.000       1.327       0.017
143        143       0.916      nan       0.000          nan       0.000       1.272       0.019
143        144       1.033      1.110       0.027          nan       0.000       nan       0.000
143        145       1.267      1.178       0.033          nan       0.000       nan       0.000
143        146       1.229      nan       0.000          nan       0.000       1.354       0.020
