86preID   86ResID  86PDB    86Below     86Below+-     86Above       86Above+-     86Middle     86Middle+-
 86          5       3.087      nan       0.000          2.603       0.197       nan       0.000
 86          6       3.291      nan       0.000          2.258       0.044       nan       0.000
 86          7       3.179      nan       0.000          nan       0.000       1.857       0.143
 86          8       2.928      0.430       0.104          nan       0.000       nan       0.000
 86          9       2.979      0.273       0.090          nan       0.000       nan       0.000
 86         10       3.134      0.594       0.121          nan       0.000       nan       0.000
 86         11       2.940      0.221       0.093          nan       0.000       nan       0.000
 86         12       2.806      nan       0.000          nan       0.000       1.612       0.092
 86         13       3.014      0.466       0.115          nan       0.000       nan       0.000
 86         14       3.017      0.919       0.142          nan       0.000       nan       0.000
 86         15       2.743      0.320       0.092          nan       0.000       nan       0.000
 86         16       2.792      0.233       0.075          nan       0.000       nan       0.000
 86         17       3.020      0.472       0.115          nan       0.000       nan       0.000
 86         18       2.932      0.399       0.100          nan       0.000       nan       0.000
 86         19       2.841      1.048       0.150          nan       0.000       nan       0.000
 86         20       3.076      0.680       0.119          nan       0.000       nan       0.000
 86         21       3.270      nan       0.000          2.147       0.118       nan       0.000
 86         22       3.539      0.286       0.087          nan       0.000       nan       0.000
 86         23       3.668      0.346       0.102          nan       0.000       nan       0.000
 86         24       3.794      0.401       0.114          nan       0.000       nan       0.000
 86         25       3.730      0.308       0.089          nan       0.000       nan       0.000
 86         26       3.563      0.365       0.109          nan       0.000       nan       0.000
 86         27       3.243      0.416       0.097          nan       0.000       nan       0.000
 86         28       3.281      0.466       0.102          nan       0.000       nan       0.000
 86         29       3.235      0.705       0.127          nan       0.000       nan       0.000
 86         30       3.124      nan       0.000          2.044       0.039       nan       0.000
 86         31       3.080      0.379       0.096          nan       0.000       nan       0.000
 86         33       2.679      nan       0.000          2.069       0.139       nan       0.000
 86         34       2.710      0.298       0.105          nan       0.000       nan       0.000
 86         35       2.584      0.358       0.103          nan       0.000       nan       0.000
 86         36       2.317      0.317       0.098          nan       0.000       nan       0.000
 86         37       2.283      0.634       0.124          nan       0.000       nan       0.000
 86         38       2.339      nan       0.000          2.170       0.043       nan       0.000
 86         39       2.110      0.546       0.115          nan       0.000       nan       0.000
 86         40       1.945      nan       0.000          nan       0.000       1.332       0.149
 86         41       1.882      0.572       0.121          nan       0.000       nan       0.000
 86         42       2.053      nan       0.000          nan       0.000       1.724       0.027
 86         44       2.537      0.201       0.074          nan       0.000       nan       0.000
 86         45       2.887      nan       0.000          2.142       0.039       nan       0.000
 86         46       3.033      1.179       0.151          nan       0.000       nan       0.000
 86         47       2.838      0.279       0.096          nan       0.000       nan       0.000
 86         48       2.750      0.353       0.102          nan       0.000       nan       0.000
 86         49       2.987      0.468       0.114          nan       0.000       nan       0.000
 86         50       3.029      0.142       0.070          nan       0.000       nan       0.000
 86         51       2.825      0.228       0.085          nan       0.000       nan       0.000
 86         52       2.899      0.387       0.100          nan       0.000       nan       0.000
 86         53       3.152      0.130       0.065          nan       0.000       nan       0.000
 86         54       3.096      0.461       0.117          nan       0.000       nan       0.000
 86         55       2.979      0.591       0.118          nan       0.000       nan       0.000
 86         56       3.196      0.199       0.079          nan       0.000       nan       0.000
 86         57       3.493      0.181       0.073          nan       0.000       nan       0.000
 86         58       3.750      0.420       0.110          nan       0.000       nan       0.000
 86         59       3.873      0.231       0.078          nan       0.000       nan       0.000
 86         60       3.912      0.396       0.104          nan       0.000       nan       0.000
 86         61       3.783      0.425       0.118          nan       0.000       nan       0.000
 86         62       3.519      0.085       0.048          nan       0.000       nan       0.000
 86         63       3.204      0.455       0.107          nan       0.000       nan       0.000
 86         64       3.267      0.350       0.087          nan       0.000       nan       0.000
 86         65       3.375      0.784       0.149          nan       0.000       nan       0.000
 86         67       3.271      0.880       0.118          nan       0.000       nan       0.000
 86         68       3.022      0.574       0.115          nan       0.000       nan       0.000
 86         69       3.002      nan       0.000          2.153       0.080       nan       0.000
 86         70       3.046      0.526       0.120          nan       0.000       nan       0.000
 86         71       2.800      0.120       0.059          nan       0.000       nan       0.000
 86         72       2.614      0.156       0.062          nan       0.000       nan       0.000
 86         73       2.724      0.307       0.088          nan       0.000       nan       0.000
 86         74       2.761      0.765       0.124          nan       0.000       nan       0.000
 86         75       2.684      nan       0.000          nan       0.000       1.850       0.070
 86         76       2.376      nan       0.000          nan       0.000       1.986       0.065
 86         77       2.164      nan       0.000          nan       0.000       1.793       0.071
 86         80       1.633      nan       0.000          nan       0.000       1.721       0.068
 86         81       1.666      nan       0.000          nan       0.000       1.652       0.014
 86         82       1.477      nan       0.000          nan       0.000       1.365       0.012
 86         83       1.273      nan       0.000          nan       0.000       1.414       0.012
 86         84       1.386      nan       0.000          nan       0.000       1.288       0.025
 86         85       1.303      1.146       0.027          nan       0.000       nan       0.000
 86         86       1.031      nan       0.000          nan       0.000       1.344       0.046
 86         87       1.063      nan       0.000          nan       0.000       1.260       0.024
 86         88       1.254      nan       0.000          nan       0.000       1.301       0.017
 86         89       1.118      nan       0.000          nan       0.000       1.507       0.026
 86         90       0.966      nan       0.000          nan       0.000       1.373       0.018
 86         91       1.206      nan       0.000          nan       0.000       1.379       0.019
 86         92       1.374      nan       0.000          nan       0.000       1.521       0.022
 86         93       1.256      nan       0.000          nan       0.000       1.612       0.021
 86         94       1.308      nan       0.000          nan       0.000       1.610       0.010
 86         95       1.346      nan       0.000          nan       0.000       1.620       0.008
 86         96       1.112      nan       0.000          nan       0.000       1.574       0.014
 86         97       1.012      nan       0.000          nan       0.000       1.595       0.017
 86         98       0.872      nan       0.000          nan       0.000       1.318       0.028
 86        100       1.347      nan       0.000          nan       0.000       1.538       0.039
 86        101       1.650      nan       0.000          nan       0.000       1.787       0.057
 86        102       2.028      nan       0.000          2.026       0.141       nan       0.000
 86        103       2.177      nan       0.000          2.337       0.077       nan       0.000
 86        104       1.995      0.378       0.110          nan       0.000       nan       0.000
 86        105       1.953      nan       0.000          nan       0.000       1.599       0.127
 86        106       2.219      nan       0.000          2.106       0.096       nan       0.000
 86        107       2.283      nan       0.000          2.007       0.110       nan       0.000
 86        108       2.092      nan       0.000          nan       0.000       1.979       0.109
 86        109       2.195      0.613       0.128          nan       0.000       nan       0.000
 86        110       2.467      nan       0.000          nan       0.000       1.973       0.166
 86        111       2.405      0.393       0.094          nan       0.000       nan       0.000
 86        112       2.389      0.606       0.117          nan       0.000       nan       0.000
 86        113       2.641      0.750       0.136          nan       0.000       nan       0.000
 86        114       2.734      0.206       0.084          nan       0.000       nan       0.000
 86        115       2.941      nan       0.000          2.111       0.100       nan       0.000
 86        116       2.893      nan       0.000          2.543       0.067       nan       0.000
 86        117       3.001      0.550       0.118          nan       0.000       nan       0.000
 86        118       2.954      nan       0.000          nan       0.000       1.872       0.061
 86        119       3.035      nan       0.000          2.030       0.139       nan       0.000
 86        120       2.959      0.284       0.099          nan       0.000       nan       0.000
 86        121       2.683      0.449       0.115          nan       0.000       nan       0.000
 86        122       2.582      0.107       0.063          nan       0.000       nan       0.000
 86        123       2.630      0.118       0.069          nan       0.000       nan       0.000
 86        124       2.452      0.291       0.088          nan       0.000       nan       0.000
 86        125       2.209      0.610       0.113          nan       0.000       nan       0.000
 86        126       2.249      0.057       0.040          nan       0.000       nan       0.000
 86        127       2.276      1.122       0.140          nan       0.000       nan       0.000
 86        128       2.000      0.318       0.098          nan       0.000       nan       0.000
 86        129       1.838      nan       0.000          nan       0.000       1.780       0.147
 86        130       1.776      nan       0.000          2.160       0.115       nan       0.000
 86        131       1.724      nan       0.000          nan       0.000       1.885       0.116
 86        132       1.850      0.922       0.141          nan       0.000       nan       0.000
 86        133       1.782      nan       0.000          2.082       0.020       nan       0.000
 86        134       1.850      0.812       0.130          nan       0.000       nan       0.000
 86        135       1.713      nan       0.000          2.153       0.123       nan       0.000
 86        136       1.551      nan       0.000          nan       0.000       1.919       0.037
 86        137       1.233      nan       0.000          nan       0.000       1.653       0.028
 86        139       0.905      nan       0.000          nan       0.000       1.313       0.016
 86        140       1.191      nan       0.000          nan       0.000       1.453       0.014
 86        141       1.205      nan       0.000          nan       0.000       1.503       0.030
 86        143       1.386      nan       0.000          nan       0.000       1.615       0.010
 86        144       1.592      nan       0.000          nan       0.000       1.789       0.070
 86        145       1.648      nan       0.000          nan       0.000       1.803       0.066
 86        146       1.748      nan       0.000          nan       0.000       1.851       0.090
