17preID   17ResID  17PDB    17Below     17Below+-     17Above       17Above+-     17Middle     17Middle+-
 17          5       2.288      nan       0.000          2.467       0.073       nan       0.000
 17          6       2.020      nan       0.000          nan       0.000       1.942       0.007
 17          7       1.901      nan       0.000          2.035       0.010       nan       0.000
 17          8       1.892      nan       0.000          2.246       0.033       nan       0.000
 17          9       1.677      nan       0.000          nan       0.000       1.852       0.024
 17         10       1.457      nan       0.000          nan       0.000       1.439       0.007
 17         11       1.458      nan       0.000          nan       0.000       1.482       0.009
 17         12       1.423      nan       0.000          nan       0.000       1.265       0.019
 17         13       1.149      nan       0.000          nan       0.000       1.288       0.018
 17         14       1.052      nan       0.000          nan       0.000       1.297       0.015
 17         15       1.237      1.101       0.022          nan       0.000       nan       0.000
 17         16       1.152      nan       0.000          nan       0.000       1.214       0.030
 17         17       0.897      nan       0.000          nan       0.000       1.205       0.032
 17         18       1.024      1.149       0.027          nan       0.000       nan       0.000
 17         19       1.159      nan       0.000          nan       0.000       1.210       0.024
 17         20       0.975      nan       0.000          nan       0.000       1.327       0.018
 17         21       0.926      1.128       0.026          nan       0.000       nan       0.000
 17         22       0.891      nan       0.000          nan       0.000       1.244       0.017
 17         23       0.649      nan       0.000          nan       0.000       1.201       0.022
 17         24       0.620      nan       0.000          nan       0.000       1.349       0.012
 17         25       0.619      nan       0.000          nan       0.000       1.319       0.018
 17         26       0.874      nan       0.000          nan       0.000       1.221       0.013
 17         27       1.136      nan       0.000          nan       0.000       1.629       0.018
 17         28       1.302      nan       0.000          nan       0.000       1.817       0.012
 17         29       1.663      nan       0.000          2.300       0.087       nan       0.000
 17         30       1.782      nan       0.000          2.320       0.045       nan       0.000
 17         31       1.555      nan       0.000          2.209       0.052       nan       0.000
 17         32       1.586      nan       0.000          2.265       0.104       nan       0.000
 17         33       1.875      nan       0.000          nan       0.000       1.759       0.140
 17         34       1.957      nan       0.000          2.377       0.090       nan       0.000
 17         35       1.891      nan       0.000          2.288       0.041       nan       0.000
 17         36       2.056      nan       0.000          nan       0.000       1.705       0.138
 17         37       2.316      nan       0.000          2.137       0.171       nan       0.000
 17         38       2.319      0.476       0.110          nan       0.000       nan       0.000
 17         39       2.347      0.654       0.132          nan       0.000       nan       0.000
 17         40       2.600      nan       0.000          2.208       0.222       nan       0.000
 17         41       2.680      0.333       0.096          nan       0.000       nan       0.000
 17         42       2.785      nan       0.000          2.259       0.041       nan       0.000
 17         44       2.733      0.031       0.030          nan       0.000       nan       0.000
 17         45       2.658      0.832       0.155          nan       0.000       nan       0.000
 17         46       2.719      0.200       0.089          nan       0.000       nan       0.000
 17         47       2.694      0.546       0.137          nan       0.000       nan       0.000
 17         48       2.419      0.171       0.069          nan       0.000       nan       0.000
 17         49       2.304      0.270       0.116          nan       0.000       nan       0.000
 17         50       2.414      0.071       0.050          nan       0.000       nan       0.000
 17         51       2.324      0.564       0.123          nan       0.000       nan       0.000
 17         52       2.044      0.434       0.110          nan       0.000       nan       0.000
 17         53       2.051      0.963       0.150          nan       0.000       nan       0.000
 17         54       2.193      0.557       0.127          nan       0.000       nan       0.000
 17         55       2.057      nan       0.000          nan       0.000       1.228       0.142
 17         56       1.885      0.594       0.118          nan       0.000       nan       0.000
 17         57       1.783      0.602       0.123          nan       0.000       nan       0.000
 17         58       1.686      0.243       0.084          nan       0.000       nan       0.000
 17         59       1.769      nan       0.000          nan       0.000       1.989       0.162
 17         60       1.712      nan       0.000          2.109       0.173       nan       0.000
 17         61       1.790      0.780       0.123          nan       0.000       nan       0.000
 17         62       1.667      1.036       0.150          nan       0.000       nan       0.000
 17         63       1.570      nan       0.000          2.023       0.050       nan       0.000
 17         64       1.287      nan       0.000          nan       0.000       1.907       0.020
 17         65       1.000      nan       0.000          nan       0.000       1.367       0.022
 17         67       1.365      nan       0.000          nan       0.000       1.817       0.041
 17         68       1.403      nan       0.000          nan       0.000       1.996       0.035
 17         69       1.455      nan       0.000          nan       0.000       1.617       0.009
 17         70       1.691      nan       0.000          2.045       0.026       nan       0.000
 17         71       1.864      0.861       0.128          nan       0.000       nan       0.000
 17         72       1.889      nan       0.000          nan       0.000       1.998       0.075
 17         73       1.958      nan       0.000          2.125       0.127       nan       0.000
 17         74       2.184      0.347       0.109          nan       0.000       nan       0.000
 17         75       2.546      nan       0.000          nan       0.000       1.703       0.130
 17         76       2.747      0.216       0.086          nan       0.000       nan       0.000
 17         77       3.000      0.058       0.041          nan       0.000       nan       0.000
 17         80       3.133      0.145       0.064          nan       0.000       nan       0.000
 17         81       2.944      nan       0.000          2.198       0.119       nan       0.000
 17         82       3.034      nan       0.000          2.144       0.026       nan       0.000
 17         83       3.063      0.454       0.105          nan       0.000       nan       0.000
 17         84       2.806      0.033       0.033          nan       0.000       nan       0.000
 17         85       2.768      0.418       0.109          nan       0.000       nan       0.000
 17         86       2.981      0.381       0.104          nan       0.000       nan       0.000
 17         87       2.930      0.684       0.125          nan       0.000       nan       0.000
 17         88       2.680      0.382       0.100          nan       0.000       nan       0.000
 17         89       2.803      1.028       0.153          nan       0.000       nan       0.000
 17         90       2.988      0.820       0.137          nan       0.000       nan       0.000
 17         91       2.821      0.098       0.056          nan       0.000       nan       0.000
 17         92       2.678      0.488       0.098          nan       0.000       nan       0.000
 17         93       2.893      0.425       0.116          nan       0.000       nan       0.000
 17         94       2.980      0.000       0.000          nan       0.000       nan       0.000
 17         95       3.220      0.134       0.067          nan       0.000       nan       0.000
 17         96       3.403      0.526       0.123          nan       0.000       nan       0.000
 17         97       3.611      0.205       0.075          nan       0.000       nan       0.000
 17         98       3.611      nan       0.000          nan       0.000       1.882       0.095
 17         99       3.531      0.472       0.110          nan       0.000       nan       0.000
 17        100       3.314      0.990       0.135          nan       0.000       nan       0.000
 17        101       3.329      0.310       0.090          nan       0.000       nan       0.000
 17        102       3.301      0.177       0.078          nan       0.000       nan       0.000
 17        103       3.221      0.089       0.051          nan       0.000       nan       0.000
 17        104       3.123      0.290       0.088          nan       0.000       nan       0.000
 17        105       2.905      0.254       0.089          nan       0.000       nan       0.000
 17        106       2.752      0.852       0.130          nan       0.000       nan       0.000
 17        107       2.699      0.572       0.120          nan       0.000       nan       0.000
 17        108       2.552      nan       0.000          nan       0.000       1.228       0.148
 17        109       2.318      0.997       0.137          nan       0.000       nan       0.000
 17        110       2.195      nan       0.000          2.220       0.058       nan       0.000
 17        111       2.168      nan       0.000          2.101       0.138       nan       0.000
 17        112       1.934      nan       0.000          nan       0.000       1.886       0.010
 17        113       1.771      nan       0.000          nan       0.000       1.843       0.011
 17        114       1.815      nan       0.000          nan       0.000       1.458       0.007
 17        115       1.972      nan       0.000          nan       0.000       1.850       0.007
 17        116       2.219      nan       0.000          2.083       0.006       nan       0.000
 17        117       2.536      nan       0.000          2.350       0.104       nan       0.000
 17        118       2.906      0.194       0.090          nan       0.000       nan       0.000
 17        119       3.036      nan       0.000          2.162       0.128       nan       0.000
 17        120       2.866      nan       0.000          2.168       0.131       nan       0.000
 17        121       2.809      nan       0.000          2.475       0.133       nan       0.000
 17        122       3.055      0.265       0.091          nan       0.000       nan       0.000
 17        123       3.101      0.303       0.106          nan       0.000       nan       0.000
 17        124       2.893      0.000       0.000          nan       0.000       nan       0.000
 17        125       3.030      0.432       0.100          nan       0.000       nan       0.000
 17        126       3.279      0.482       0.108          nan       0.000       nan       0.000
 17        127       3.204      0.950       0.150          nan       0.000       nan       0.000
 17        128       3.138      0.311       0.090          nan       0.000       nan       0.000
 17        129       3.362      0.231       0.087          nan       0.000       nan       0.000
 17        130       3.560      0.300       0.091          nan       0.000       nan       0.000
 17        131       3.822      0.840       0.142          nan       0.000       nan       0.000
 17        132       3.965      0.618       0.122          nan       0.000       nan       0.000
 17        133       4.028      0.639       0.125          nan       0.000       nan       0.000
 17        134       3.947      0.172       0.077          nan       0.000       nan       0.000
 17        135       3.691      0.273       0.088          nan       0.000       nan       0.000
 17        136       3.372      0.656       0.118          nan       0.000       nan       0.000
 17        137       3.429      0.477       0.111          nan       0.000       nan       0.000
 17        138       3.507      0.166       0.067          nan       0.000       nan       0.000
 17        139       3.581      0.399       0.123          nan       0.000       nan       0.000
 17        140       3.479      nan       0.000          nan       0.000       1.987       0.143
 17        141       3.209      0.364       0.096          nan       0.000       nan       0.000
 17        142       3.161      nan       0.000          2.145       0.074       nan       0.000
 17        143       3.202      0.187       0.074          nan       0.000       nan       0.000
 17        144       2.992      0.035       0.035          nan       0.000       nan       0.000
 17        145       2.753      0.266       0.085          nan       0.000       nan       0.000
 17        146       2.793      0.240       0.092          nan       0.000       nan       0.000
