110preID   110ResID  110PDB   110Below    110Below+-     110Above      110Above+-     110Middle     110Middle+-
110          5       3.322      0.131       0.065          nan       0.000       nan       0.000
110          6       3.201      nan       0.000          2.441       0.072       nan       0.000
110          7       2.932      nan       0.000          2.071       0.153       nan       0.000
110          8       2.787      0.485       0.120          nan       0.000       nan       0.000
110          9       2.823      0.251       0.088          nan       0.000       nan       0.000
110         10       2.700      0.068       0.047          nan       0.000       nan       0.000
110         11       2.436      0.431       0.104          nan       0.000       nan       0.000
110         12       2.468      1.027       0.132          nan       0.000       nan       0.000
110         13       2.499      0.545       0.119          nan       0.000       nan       0.000
110         14       2.250      0.779       0.127          nan       0.000       nan       0.000
110         15       2.121      0.596       0.118          nan       0.000       nan       0.000
110         16       2.295      0.604       0.113          nan       0.000       nan       0.000
110         17       2.212      0.000       0.000          nan       0.000       nan       0.000
110         18       1.970      nan       0.000          2.078       0.117       nan       0.000
110         19       2.046      nan       0.000          2.035       0.132       nan       0.000
110         20       2.268      nan       0.000          nan       0.000       1.989       0.168
110         21       2.181      nan       0.000          2.138       0.069       nan       0.000
110         22       2.328      nan       0.000          2.045       0.124       nan       0.000
110         23       2.474      0.660       0.128          nan       0.000       nan       0.000
110         24       2.744      0.626       0.126          nan       0.000       nan       0.000
110         25       2.872      0.493       0.109          nan       0.000       nan       0.000
110         26       2.916      0.804       0.127          nan       0.000       nan       0.000
110         27       2.797      0.540       0.115          nan       0.000       nan       0.000
110         28       2.750      0.545       0.112          nan       0.000       nan       0.000
110         29       2.867      nan       0.000          nan       0.000       1.926       0.131
110         30       2.673      nan       0.000          2.070       0.054       nan       0.000
110         31       2.434      nan       0.000          2.159       0.175       nan       0.000
110         32       2.382      0.974       0.143          nan       0.000       nan       0.000
110         33       2.388      nan       0.000          nan       0.000       1.772       0.134
110         34       2.205      nan       0.000          nan       0.000       1.952       0.087
110         35       1.955      nan       0.000          2.316       0.106       nan       0.000
110         36       2.027      nan       0.000          2.000       0.047       nan       0.000
110         37       2.075      nan       0.000          nan       0.000       1.970       0.038
110         38       1.817      nan       0.000          nan       0.000       1.588       0.010
110         39       1.715      nan       0.000          nan       0.000       1.728       0.015
110         40       1.893      nan       0.000          nan       0.000       1.707       0.015
110         41       2.174      nan       0.000          nan       0.000       1.930       0.081
110         42       2.469      nan       0.000          nan       0.000       1.809       0.051
110         44       2.996      nan       0.000          2.022       0.044       nan       0.000
110         45       3.155      nan       0.000          2.368       0.074       nan       0.000
110         46       3.412      0.859       0.140          nan       0.000       nan       0.000
110         47       3.400      0.448       0.108          nan       0.000       nan       0.000
110         48       3.175      0.369       0.096          nan       0.000       nan       0.000
110         49       3.280      0.596       0.122          nan       0.000       nan       0.000
110         50       3.501      0.567       0.133          nan       0.000       nan       0.000
110         51       3.382      1.010       0.137          nan       0.000       nan       0.000
110         52       3.241      0.624       0.119          nan       0.000       nan       0.000
110         53       3.464      0.359       0.098          nan       0.000       nan       0.000
110         54       3.620      0.640       0.130          nan       0.000       nan       0.000
110         55       3.502      0.499       0.112          nan       0.000       nan       0.000
110         56       3.544      0.601       0.112          nan       0.000       nan       0.000
110         57       3.707      0.638       0.123          nan       0.000       nan       0.000
110         58       3.801      0.141       0.062          nan       0.000       nan       0.000
110         59       3.891      0.472       0.117          nan       0.000       nan       0.000
110         60       3.808      0.166       0.066          nan       0.000       nan       0.000
110         61       3.715      0.428       0.107          nan       0.000       nan       0.000
110         62       3.447      0.402       0.107          nan       0.000       nan       0.000
110         63       3.208      0.874       0.132          nan       0.000       nan       0.000
110         64       3.113      0.376       0.103          nan       0.000       nan       0.000
110         65       3.010      0.300       0.082          nan       0.000       nan       0.000
110         67       3.255      0.708       0.115          nan       0.000       nan       0.000
110         68       3.064      0.591       0.113          nan       0.000       nan       0.000
110         69       3.075      0.762       0.135          nan       0.000       nan       0.000
110         70       3.336      0.608       0.124          nan       0.000       nan       0.000
110         71       3.297      0.604       0.120          nan       0.000       nan       0.000
110         72       3.129      0.961       0.132          nan       0.000       nan       0.000
110         73       3.233      0.278       0.104          nan       0.000       nan       0.000
110         74       3.481      0.079       0.045          nan       0.000       nan       0.000
110         75       3.727      nan       0.000          nan       0.000       1.752       0.113
110         76       3.695      nan       0.000          nan       0.000       1.761       0.122
110         77       3.778      nan       0.000          nan       0.000       1.785       0.087
110         80       3.511      nan       0.000          nan       0.000       1.469       0.128
110         81       3.338      nan       0.000          2.015       0.092       nan       0.000
110         82       3.232      nan       0.000          nan       0.000       1.860       0.138
110         83       3.132      nan       0.000          2.104       0.081       nan       0.000
110         84       2.937      0.270       0.087          nan       0.000       nan       0.000
110         85       2.726      0.373       0.099          nan       0.000       nan       0.000
110         86       2.720      0.328       0.101          nan       0.000       nan       0.000
110         87       2.682      0.879       0.127          nan       0.000       nan       0.000
110         88       2.429      0.816       0.133          nan       0.000       nan       0.000
110         89       2.282      0.720       0.132          nan       0.000       nan       0.000
110         90       2.315      0.379       0.095          nan       0.000       nan       0.000
110         91       2.168      nan       0.000          3.386       0.364       nan       0.000
110         92       1.894      nan       0.000          nan       0.000       1.588       0.115
110         93       1.861      nan       0.000          nan       0.000       1.928       0.074
110         94       1.870      nan       0.000          2.049       0.041       nan       0.000
110         95       1.932      0.090       0.052          nan       0.000       nan       0.000
110         96       2.136      0.782       0.127          nan       0.000       nan       0.000
110         97       2.211      0.379       0.096          nan       0.000       nan       0.000
110         98       2.252      nan       0.000          nan       0.000       1.862       0.115
110         99       2.096      0.356       0.094          nan       0.000       nan       0.000
110        100       1.769      nan       0.000          nan       0.000       1.646       0.148
110        101       1.520      nan       0.000          nan       0.000       1.814       0.095
110        102       1.231      nan       0.000          2.024       0.036       nan       0.000
110        103       1.032      nan       0.000          nan       0.000       1.550       0.010
110        104       1.128      nan       0.000          nan       0.000       1.583       0.022
110        105       1.093      nan       0.000          nan       0.000       1.461       0.019
110        106       0.821      nan       0.000          nan       0.000       1.326       0.017
110        107       0.797      nan       0.000          nan       0.000       1.443       0.023
110        108       1.043      nan       0.000          nan       0.000       1.483       0.015
110        109       1.003      nan       0.000          nan       0.000       1.266       0.026
110        110       0.831      1.184       0.032          nan       0.000       nan       0.000
110        111       1.057      nan       0.000          nan       0.000       1.355       0.014
110        112       1.250      nan       0.000          nan       0.000       1.255       0.023
110        113       1.159      nan       0.000          nan       0.000       1.373       0.022
110        114       0.973      nan       0.000          nan       0.000       1.357       0.015
110        115       0.709      nan       0.000          nan       0.000       1.326       0.022
110        116       0.521      nan       0.000          nan       0.000       1.262       0.021
110        117       0.378      1.168       0.032          nan       0.000       nan       0.000
110        118       0.472      nan       0.000          nan       0.000       1.247       0.017
110        119       0.741      nan       0.000          nan       0.000       1.577       0.012
110        120       0.821      nan       0.000          nan       0.000       1.668       0.013
110        121       0.804      nan       0.000          nan       0.000       1.564       0.009
110        122       0.999      nan       0.000          nan       0.000       1.789       0.011
110        123       1.236      nan       0.000          2.232       0.043       nan       0.000
110        124       1.278      0.436       0.104          nan       0.000       nan       0.000
110        125       1.353      nan       0.000          nan       0.000       1.796       0.083
110        126       1.599      1.145       0.158          nan       0.000       nan       0.000
110        127       1.764      nan       0.000          2.065       0.109       nan       0.000
110        128       1.822      0.585       0.126          nan       0.000       nan       0.000
110        129       1.914      0.383       0.101          nan       0.000       nan       0.000
110        130       2.200      0.915       0.132          nan       0.000       nan       0.000
110        131       2.428      0.294       0.089          nan       0.000       nan       0.000
110        132       2.379      0.365       0.107          nan       0.000       nan       0.000
110        133       2.299      0.412       0.104          nan       0.000       nan       0.000
110        134       2.080      0.444       0.104          nan       0.000       nan       0.000
110        135       1.882      0.512       0.107          nan       0.000       nan       0.000
110        136       1.800      0.993       0.142          nan       0.000       nan       0.000
110        137       2.099      0.721       0.115          nan       0.000       nan       0.000
110        138       2.367      0.702       0.118          nan       0.000       nan       0.000
110        139       2.604      0.835       0.130          nan       0.000       nan       0.000
110        140       2.477      0.551       0.117          nan       0.000       nan       0.000
110        141       2.300      0.267       0.087          nan       0.000       nan       0.000
110        142       2.480      nan       0.000          2.388       0.197       nan       0.000
110        143       2.552      0.767       0.129          nan       0.000       nan       0.000
110        144       2.337      0.838       0.127          nan       0.000       nan       0.000
110        145       2.330      0.656       0.118          nan       0.000       nan       0.000
110        146       2.573      0.330       0.090          nan       0.000       nan       0.000
