34preID   34ResID  34PDB    34Below     34Below+-     34Above       34Above+-     34Middle     34Middle+-
 34          5       3.582      nan       0.000          2.196       0.187       nan       0.000
 34          6       3.505      nan       0.000          2.299       0.065       nan       0.000
 34          7       3.303      nan       0.000          2.310       0.180       nan       0.000
 34          8       3.107      0.361       0.099          nan       0.000       nan       0.000
 34          9       2.997      0.216       0.074          nan       0.000       nan       0.000
 34         10       2.918      0.114       0.065          nan       0.000       nan       0.000
 34         11       2.691      0.211       0.078          nan       0.000       nan       0.000
 34         12       2.552      0.300       0.086          nan       0.000       nan       0.000
 34         13       2.502      0.568       0.115          nan       0.000       nan       0.000
 34         14       2.317      0.555       0.116          nan       0.000       nan       0.000
 34         15       2.102      nan       0.000          2.330       0.203       nan       0.000
 34         16       2.064      0.630       0.117          nan       0.000       nan       0.000
 34         17       1.977      1.172       0.031          nan       0.000       nan       0.000
 34         18       1.717      nan       0.000          nan       0.000       1.914       0.025
 34         19       1.554      nan       0.000          nan       0.000       1.682       0.026
 34         20       1.687      nan       0.000          nan       0.000       1.563       0.023
 34         21       1.582      nan       0.000          nan       0.000       1.311       0.025
 34         22       1.663      nan       0.000          nan       0.000       1.987       0.096
 34         23       1.919      nan       0.000          nan       0.000       1.522       0.012
 34         24       2.143      nan       0.000          nan       0.000       1.590       0.017
 34         25       2.297      nan       0.000          nan       0.000       1.850       0.059
 34         26       2.214      nan       0.000          nan       0.000       1.799       0.023
 34         27       1.985      nan       0.000          nan       0.000       1.920       0.059
 34         28       1.757      nan       0.000          nan       0.000       1.300       0.045
 34         29       1.653      nan       0.000          nan       0.000       1.411       0.013
 34         30       1.366      nan       0.000          nan       0.000       1.299       0.016
 34         31       1.282      nan       0.000          nan       0.000       1.329       0.022
 34         32       1.315      nan       0.000          nan       0.000       1.323       0.020
 34         33       1.158      nan       0.000          nan       0.000       1.416       0.020
 34         34       0.883      1.148       0.053          nan       0.000       nan       0.000
 34         35       0.823      nan       0.000          nan       0.000       1.362       0.020
 34         36       0.945      nan       0.000          nan       0.000       1.461       0.017
 34         37       0.806      nan       0.000          nan       0.000       1.204       0.035
 34         38       0.596      nan       0.000          nan       0.000       1.364       0.015
 34         39       0.811      nan       0.000          nan       0.000       1.439       0.014
 34         40       0.911      nan       0.000          nan       0.000       1.531       0.018
 34         41       1.074      nan       0.000          nan       0.000       1.606       0.011
 34         42       1.155      nan       0.000          nan       0.000       1.576       0.015
 34         44       1.507      nan       0.000          2.175       0.073       nan       0.000
 34         45       1.599      nan       0.000          nan       0.000       1.619       0.010
 34         46       1.877      nan       0.000          2.003       0.010       nan       0.000
 34         47       1.949      nan       0.000          2.028       0.127       nan       0.000
 34         48       1.804      nan       0.000          nan       0.000       1.952       0.049
 34         49       1.915      nan       0.000          2.062       0.044       nan       0.000
 34         50       2.174      nan       0.000          2.157       0.087       nan       0.000
 34         51       2.158      nan       0.000          2.016       0.111       nan       0.000
 34         52       2.094      nan       0.000          2.017       0.110       nan       0.000
 34         53       2.315      0.664       0.156          nan       0.000       nan       0.000
 34         54       2.527      0.000       0.000          nan       0.000       nan       0.000
 34         55       2.537      0.959       0.128          nan       0.000       nan       0.000
 34         56       2.633      0.209       0.079          nan       0.000       nan       0.000
 34         57       2.882      nan       0.000          2.056       0.127       nan       0.000
 34         58       3.012      0.254       0.088          nan       0.000       nan       0.000
 34         59       3.007      0.487       0.116          nan       0.000       nan       0.000
 34         60       2.854      0.546       0.121          nan       0.000       nan       0.000
 34         61       2.661      0.539       0.123          nan       0.000       nan       0.000
 34         62       2.404      nan       0.000          2.205       0.111       nan       0.000
 34         63       2.267      nan       0.000          nan       0.000       1.886       0.091
 34         64       2.368      0.728       0.131          nan       0.000       nan       0.000
 34         65       2.466      0.799       0.122          nan       0.000       nan       0.000
 34         67       2.723      0.885       0.119          nan       0.000       nan       0.000
 34         68       2.534      0.655       0.115          nan       0.000       nan       0.000
 34         69       2.687      0.520       0.105          nan       0.000       nan       0.000
 34         70       2.898      0.356       0.098          nan       0.000       nan       0.000
 34         71       2.774      0.418       0.097          nan       0.000       nan       0.000
 34         72       2.727      0.350       0.087          nan       0.000       nan       0.000
 34         73       2.968      0.000       0.000          nan       0.000       nan       0.000
 34         74       3.163      0.303       0.099          nan       0.000       nan       0.000
 34         75       3.384      nan       0.000          nan       0.000       1.704       0.098
 34         76       3.298      nan       0.000          2.143       0.047       nan       0.000
 34         77       3.293      nan       0.000          nan       0.000       1.763       0.097
 34         80       3.047      0.742       0.119          nan       0.000       nan       0.000
 34         81       2.960      nan       0.000          2.072       0.018       nan       0.000
 34         82       2.964      nan       0.000          2.246       0.055       nan       0.000
 34         83       2.774      0.758       0.136          nan       0.000       nan       0.000
 34         84       2.538      0.762       0.138          nan       0.000       nan       0.000
 34         85       2.473      0.088       0.050          nan       0.000       nan       0.000
 34         86       2.459      0.648       0.129          nan       0.000       nan       0.000
 34         87       2.252      0.277       0.091          nan       0.000       nan       0.000
 34         88       2.062      0.000       0.000          nan       0.000       nan       0.000
 34         89       2.088      0.168       0.077          nan       0.000       nan       0.000
 34         90       2.000      0.104       0.059          nan       0.000       nan       0.000
 34         91       1.730      0.217       0.074          nan       0.000       nan       0.000
 34         92       1.637      0.518       0.108          nan       0.000       nan       0.000
 34         93       1.741      0.379       0.105          nan       0.000       nan       0.000
 34         94       1.591      0.420       0.105          nan       0.000       nan       0.000
 34         95       1.586      0.398       0.111          nan       0.000       nan       0.000
 34         96       1.834      0.232       0.080          nan       0.000       nan       0.000
 34         97       2.081      0.344       0.095          nan       0.000       nan       0.000
 34         98       2.251      0.100       0.057          nan       0.000       nan       0.000
 34         99       2.285      0.090       0.051          nan       0.000       nan       0.000
 34        100       2.178      0.630       0.114          nan       0.000       nan       0.000
 34        101       2.109      0.619       0.115          nan       0.000       nan       0.000
 34        102       2.117      0.628       0.135          nan       0.000       nan       0.000
 34        103       1.901      nan       0.000          2.381       0.035       nan       0.000
 34        104       1.718      0.408       0.110          nan       0.000       nan       0.000
 34        105       1.710      0.647       0.128          nan       0.000       nan       0.000
 34        106       1.639      nan       0.000          2.066       0.147       nan       0.000
 34        107       1.381      1.000       0.133          nan       0.000       nan       0.000
 34        108       1.278      nan       0.000          nan       0.000       1.692       0.012
 34        109       1.401      nan       0.000          nan       0.000       1.897       0.108
 34        110       1.277      nan       0.000          nan       0.000       1.850       0.042
 34        111       1.005      nan       0.000          nan       0.000       1.442       0.014
 34        112       1.122      nan       0.000          nan       0.000       1.449       0.019
 34        113       1.180      1.139       0.035          nan       0.000       nan       0.000
 34        114       1.383      nan       0.000          nan       0.000       1.444       0.012
 34        115       1.571      nan       0.000          nan       0.000       1.785       0.012
 34        116       1.719      nan       0.000          2.282       0.116       nan       0.000
 34        117       1.959      0.491       0.107          nan       0.000       nan       0.000
 34        118       2.123      nan       0.000          2.086       0.054       nan       0.000
 34        119       2.399      nan       0.000          2.312       0.140       nan       0.000
 34        120       2.410      1.118       0.141          nan       0.000       nan       0.000
 34        121       2.241      0.787       0.128          nan       0.000       nan       0.000
 34        122       2.395      0.261       0.090          nan       0.000       nan       0.000
 34        123       2.632      0.400       0.110          nan       0.000       nan       0.000
 34        124       2.519      1.199       0.154          nan       0.000       nan       0.000
 34        125       2.470      0.228       0.073          nan       0.000       nan       0.000
 34        126       2.757      0.662       0.126          nan       0.000       nan       0.000
 34        127       2.885      0.000       0.000          nan       0.000       nan       0.000
 34        128       2.763      0.153       0.095          nan       0.000       nan       0.000
 34        129       2.803      0.126       0.063          nan       0.000       nan       0.000
 34        130       3.041      nan       0.000          2.158       0.175       nan       0.000
 34        131       3.233      0.450       0.110          nan       0.000       nan       0.000
 34        132       3.263      0.000       0.000          nan       0.000       nan       0.000
 34        133       3.142      0.153       0.068          nan       0.000       nan       0.000
 34        134       2.958      0.508       0.116          nan       0.000       nan       0.000
 34        135       2.685      0.314       0.097          nan       0.000       nan       0.000
 34        136       2.487      0.719       0.120          nan       0.000       nan       0.000
 34        137       2.586      0.366       0.102          nan       0.000       nan       0.000
 34        138       2.630      0.762       0.145          nan       0.000       nan       0.000
 34        139       2.885      0.287       0.109          nan       0.000       nan       0.000
 34        140       2.915      0.750       0.126          nan       0.000       nan       0.000
 34        141       2.672      0.175       0.070          nan       0.000       nan       0.000
 34        142       2.745      0.084       0.048          nan       0.000       nan       0.000
 34        143       2.940      0.088       0.050          nan       0.000       nan       0.000
 34        144       2.820      0.079       0.045          nan       0.000       nan       0.000
 34        145       2.697      0.516       0.108          nan       0.000       nan       0.000
 34        146       2.907      0.626       0.114          nan       0.000       nan       0.000
