17	5	THR	2.04733893049
17	6	GLU	1.81617254585
17	7	GLU	1.7341888153
17	8	GLN	1.7147376121
17	9	ILE	1.49581463562
17	10	ALA	1.24419907872
17	11	GLU	1.29873567398
17	12	PHE	1.33901363771
17	13	LYS	1.0560883197
17	14	GLU	0.908308071021
17	15	ALA	1.13450166124
17	16	PHE	1.10758893499
17	17	SER	0.86630650482
17	18	LEU	0.933916448858
17	19	PHE	1.11596893583
17	20	ASP	1.02181207534
17	21	LYS	0.969689548654
17	22	ASP	0.912553381545
17	23	GLY	0.69933996613
17	24	ASP	0.619242808595
17	25	GLY	0.492494104141
17	26	THR	0.717988652336
17	27	ILE	1.07949911288
17	28	THR	1.30548549386
17	29	THR	1.66219370199
17	30	LYS	1.8231119265
17	31	GLU	1.64237830381
17	32	LEU	1.6512894162
17	33	GLY	1.92122811985
17	34	THR	1.92413426413
17	35	VAL	1.77810262606
17	36	MET	1.9858734554
17	37	ARG	2.21874078148
17	38	SER	2.13930350851
17	39	LEU	2.17256131062
17	40	GLY	2.44967773301
17	41	GLN	2.58571738072
17	42	ASN	2.70814569239
17	43	PRO	2.64780096254
17	44	THR	2.79886769823
17	45	GLU	2.74636429542
17	46	ALA	2.77114608608
17	47	GLU	2.75851402973
17	48	LEU	2.50067327977
17	49	GLN	2.33702619038
17	50	ASP	2.43405911073
17	51	MET	2.34263607478
17	52	ILE	2.05684907486
17	53	ASN	2.08238601885
17	54	GLU	2.18296697571
17	55	VAL	1.97036293547
17	56	ASP	1.78905843793
17	57	ALA	1.73533266082
17	58	ASP	1.68115841702
17	59	GLY	1.80714312558
17	60	ASN	1.71685772889
17	61	GLY	1.73122401956
17	62	THR	1.55047085232
17	63	ILE	1.38837460918
17	64	ASP	1.08949461095
17	65	PHE	0.730095315376
17	66	PRO	0.84570947169
17	67	GLU	1.15144424179
17	68	PHE	1.20338762781
17	69	LEU	1.19418282008
17	70	THR	1.44630505328
17	71	MET	1.64299765822
17	72	MET	1.66805866515
17	73	ALA	1.72213745392
17	74	ARG	1.99116273257
17	75	LYS	2.36074778651
17	76	MET	2.59438090828
17	77	LYS	2.88933221975
17	78	ASP	3.13915407739
17	79	THR	3.24652416485
17	80	ASP	3.05515534428
17	81	SER	2.83651823245
17	82	GLU	2.92942030031
17	83	GLU	2.95368446316
17	84	GLU	2.68726294938
17	85	ILE	2.63139491446
17	86	ARG	2.83228812808
17	87	GLU	2.74027103531
17	88	ALA	2.4950191935
17	89	PHE	2.62801528022
17	90	ARG	2.77452476496
17	91	VAL	2.57568808844
17	92	PHE	2.55319771796
17	93	ASP	2.83712580796
17	94	LYS	3.08247476225
17	95	ASP	3.2828299259
17	96	GLY	3.33753140716
17	97	ASN	3.50414449292
17	98	GLY	3.49408491258
17	99	TYR	3.43086718115
17	100	ILE	3.21575636832
17	101	SER	3.09759601362
17	102	ALA	3.08651203105
17	103	ALA	3.00024485496
17	104	GLU	2.81923285981
17	105	LEU	2.59609794094
17	106	ARG	2.50922065839
17	107	HIS	2.38229447196
17	108	VAL	2.12752681278
17	109	MET	1.98058796738
17	110	THR	1.90112799734
17	111	ASN	1.65765701704
17	112	LEU	1.32869165257
17	113	GLY	1.31626645493
17	114	GLU	1.53146825343
17	115	LYS	1.82166726578
17	116	LEU	2.23226826233
17	117	THR	2.6279134563
17	118	ASP	2.94236057453
17	119	GLU	3.1313188936
17	120	GLU	2.97167343579
17	121	VAL	2.79078570406
17	122	ASP	3.0062062449
17	123	GLU	3.12929574516
17	124	MET	2.91049689498
17	125	ILE	2.91859012242
17	126	ARG	3.19206151307
17	127	GLU	3.17033724988
17	128	ALA	3.00049763391
17	129	ASP	3.19501360188
17	130	ILE	3.36486341508
17	131	ASP	3.62023026372
17	132	GLY	3.76550949342
17	133	ASP	3.8733694943
17	134	GLY	3.75025881737
17	135	GLN	3.5498829327
17	136	VAL	3.26193288616
17	137	ASN	3.2622095579
17	138	TYR	3.26225007566
17	139	GLU	3.32977590583
17	140	GLU	3.25961207822
17	141	PHE	2.98089380378
17	142	VAL	2.94984091301
17	143	GLN	3.05851236642
17	144	MET	2.871048908
17	145	MET	2.62602487304
17	146	THR	2.68298389484
17	202	ARG	2.6099695768
17	203	ARG	2.48263657097
17	204	LYS	2.3011489307
17	205	TRP	2.20114772705
17	206	GLN	2.06484314976
17	207	LYS	1.78885658837
17	208	THR	1.71264215737
17	209	GLY	1.87368581842
17	210	HIS	1.80660691859
17	211	ALA	1.61270685688
17	212	VAL	1.79367041464
17	213	ARG	1.98855542757
17	214	ALA	1.84599582865
17	215	ILE	1.81989353128
17	216	GLY	2.09814550972
17	217	ARG	2.16782808112
17	218	LEU	2.05614006655
17	219	SER	2.23707278032
17	220	SER	2.48837520207
34	5	THR	3.86348707985
34	6	GLU	3.64814998576
34	7	GLU	3.49363066721
34	8	GLN	3.30015397884
34	9	ILE	3.10215022318
34	10	ALA	2.97459586052
34	11	GLU	2.81202301938
34	12	PHE	2.62872864342
34	13	LYS	2.51451888403
34	14	GLU	2.39419316399
34	15	ALA	2.18683923311
34	16	PHE	2.04252154057
34	17	SER	1.96260687415
34	18	LEU	1.77348927185
34	19	PHE	1.57156226239
34	20	ASP	1.50730736141
34	21	LYS	1.21124252586
34	22	ASP	1.03863428041
34	23	GLY	1.37588035209
34	24	ASP	1.6281588198
34	25	GLY	1.89744670081
34	26	THR	1.8473623216
34	27	ILE	1.70912812325
34	28	THR	1.45421411893
34	29	THR	1.38341426959
34	30	LYS	1.0624103395
34	31	GLU	0.97692603435
34	32	LEU	1.18869489167
34	33	GLY	1.07293502106
34	34	THR	0.858117167566
34	35	VAL	0.966986642262
34	36	MET	1.07897453659
34	37	ARG	0.836523700017
34	38	SER	0.725536189277
34	39	LEU	0.977884179714
34	40	GLY	0.974972831668
34	41	GLN	0.957461512671
34	42	ASN	0.950139473774
34	43	PRO	1.12233452485
34	44	THR	1.31711757474
34	45	GLU	1.1663966912
34	46	ALA	1.48458123252
34	47	GLU	1.70427868153
34	48	LEU	1.5408540928
34	49	GLN	1.57836839151
34	50	ASP	1.91462466805
34	51	MET	1.97359793008
34	52	ILE	1.91193681693
34	53	ASN	2.12113051222
34	54	GLU	2.37408433066
34	55	VAL	2.44505916928
34	56	ASP	2.39075862104
34	57	ALA	2.59944619517
34	58	ASP	2.65299677173
34	59	GLY	2.50469644904
34	60	ASN	2.25154525563
34	61	GLY	1.95954406675
34	62	THR	1.8740761176
34	63	ILE	1.94577968499
34	64	ASP	2.14892188589
34	65	PHE	2.30461432348
34	66	PRO	2.61668345383
34	67	GLU	2.62638749313
34	68	PHE	2.48610139395
34	69	LEU	2.67704500997
34	70	THR	2.91442982744
34	71	MET	2.82891809143
34	72	MET	2.80862011522
34	73	ALA	3.05188222933
34	74	ARG	3.24877669945
34	75	LYS	3.47574544481
34	76	MET	3.45180340808
34	77	LYS	3.51302748206
34	78	ASP	3.6205668892
34	79	THR	3.51077267482
34	80	ASP	3.26925336786
34	81	SER	3.15061185753
34	82	GLU	3.08877144347
34	83	GLU	2.91272248559
34	84	GLU	2.68794447223
34	85	ILE	2.58472355697
34	86	ARG	2.5280560625
34	87	GLU	2.31511882611
34	88	ALA	2.13901565119
34	89	PHE	2.09211507822
34	90	ARG	1.95924684147
34	91	VAL	1.69845050609
34	92	PHE	1.54975088523
34	93	ASP	1.59574282294
34	94	LYS	1.52216631353
34	95	ASP	1.74954494482
34	96	GLY	2.0170261495
34	97	ASN	2.18140850737
34	98	GLY	2.26405678478
34	99	TYR	2.13155251856
34	100	ILE	1.95279337589
34	101	SER	1.80234877603
34	102	ALA	1.82008267113
34	103	ALA	1.55165689958
34	104	GLU	1.33471149507
34	105	LEU	1.42490846316
34	106	ARG	1.36053154112
34	107	HIS	1.03052980035
34	108	VAL	1.05364536214
34	109	MET	1.24581678081
34	110	THR	1.09893487149
34	111	ASN	0.871077288913
34	112	LEU	1.03152197818
34	113	GLY	1.3315760387
34	114	GLU	1.57664118291
34	115	LYS	1.56497314752
34	116	LEU	1.69213273938
34	117	THR	1.92101367764
34	118	ASP	1.94936892259
34	119	GLU	2.20587828849
34	120	GLU	2.2664046413
34	121	VAL	2.05938595131
34	122	ASP	2.11865088805
34	123	GLU	2.40626615605
34	124	MET	2.37286346873
34	125	ILE	2.24868267533
34	126	ARG	2.48598651471
34	127	GLU	2.69167898051
34	128	ALA	2.60081797976
34	129	ASP	2.65561311491
34	130	ILE	2.89645738565
34	131	ASP	3.07440875275
34	132	GLY	3.08545024291
34	133	ASP	2.9948689817
34	134	GLY	2.76513627976
34	135	GLN	2.48627330253
34	136	VAL	2.27650915149
34	137	ASN	2.43221583683
34	138	TYR	2.54065488504
34	139	GLU	2.8165714765
34	140	GLU	2.81543443565
34	141	PHE	2.61155741313
34	142	VAL	2.77740796756
34	143	GLN	2.99908974475
34	144	MET	2.8814352205
34	145	MET	2.79825545674
34	146	THR	3.01467593221
34	202	ARG	3.05465526009
34	203	ARG	2.78444633996
34	204	LYS	2.41976454201
34	205	TRP	2.27897732859
34	206	GLN	2.41221479225
34	207	LYS	2.29732681674
34	208	THR	2.05365387266
34	209	GLY	2.11126684457
34	210	HIS	2.27423032746
34	211	ALA	2.1089666466
34	212	VAL	1.94380643368
34	213	ARG	2.15847161728
34	214	ALA	2.24600936365
34	215	ILE	2.02972937919
34	216	GLY	2.07051116868
34	217	ARG	2.33651645729
34	218	LEU	2.28160107204
34	219	SER	2.14924378655
34	220	SER	2.36162394767
42	5	THR	3.94248401101
42	6	GLU	3.75001036124
42	7	GLU	3.61448779948
42	8	GLN	3.40118230138
42	9	ILE	3.20545616051
42	10	ALA	3.12691239625
42	11	GLU	2.96192515114
42	12	PHE	2.73782155824
42	13	LYS	2.6586566921
42	14	GLU	2.59647952199
42	15	ALA	2.35980944409
42	16	PHE	2.18486227835
42	17	SER	2.18612112695
42	18	LEU	2.04170241912
42	19	PHE	1.76960150333
42	20	ASP	1.73038044691
42	21	LYS	1.56239962743
42	22	ASP	1.59604784497
42	23	GLY	1.89243860236
42	24	ASP	2.09117201441
42	25	GLY	2.25364251071
42	26	THR	2.10084305743
42	27	ILE	1.81928774616
42	28	THR	1.54425762403
42	29	THR	1.27551307559
42	30	LYS	0.886969573304
42	31	GLU	0.961443974947
42	32	LEU	1.06145163731
42	33	GLY	0.791206939286
42	34	THR	0.660717793005
42	35	VAL	0.878547363796
42	36	MET	0.95321443371
42	37	ARG	0.726820991297
42	38	SER	0.633619420963
42	39	LEU	0.871357868426
42	40	GLY	0.800779545125
42	41	GLN	0.866835629235
42	42	ASN	0.862881169888
42	43	PRO	0.894003780298
42	44	THR	0.902860760979
42	45	GLU	0.751701037218
42	46	ALA	1.09355014949
42	47	GLU	1.30392649688
42	48	LEU	1.19472223159
42	49	GLN	1.25407838623
42	50	ASP	1.6028493547
42	51	MET	1.68369058606
42	52	ILE	1.66570889647
42	53	ASN	1.90321549393
42	54	GLU	2.15898288838
42	55	VAL	2.28354916656
42	56	ASP	2.27484698954
42	57	ALA	2.53596636856
42	58	ASP	2.64267248191
42	59	GLY	2.47476185238
42	60	ASN	2.25447460143
42	61	GLY	1.93307376882
42	62	THR	1.84282237392
42	63	ILE	1.91607446896
42	64	ASP	2.21770973094
42	65	PHE	2.45103340261
42	66	PRO	2.74233405295
42	67	GLU	2.68383813144
42	68	PHE	2.51622172436
42	69	LEU	2.72882556746
42	70	THR	2.93269778454
42	71	MET	2.79291889805
42	72	MET	2.77660108175
42	73	ALA	3.04285218453
42	74	ARG	3.20463637784
42	75	LYS	3.38935000413
42	76	MET	3.31910809775
42	77	LYS	3.32982869659
42	78	ASP	3.41229418027
42	79	THR	3.27017693088
42	80	ASP	3.03040809197
42	81	SER	2.94609602241
42	82	GLU	2.87282271485
42	83	GLU	2.66991411629
42	84	GLU	2.47128713743
42	85	ILE	2.38661345284
42	86	ARG	2.29302708073
42	87	GLU	2.07463573806
42	88	ALA	1.94103409509
42	89	PHE	1.88172756029
42	90	ARG	1.71380478895
42	91	VAL	1.48699503117
42	92	PHE	1.34575769208
42	93	ASP	1.31213833867
42	94	LYS	1.1375366476
42	95	ASP	1.36488993583
42	96	GLY	1.64200604905
42	97	ASN	1.77972247001
42	98	GLY	1.88452734189
42	99	TYR	1.7558705625
42	100	ILE	1.62786002349
42	101	SER	1.52570393573
42	102	ALA	1.62612852955
42	103	ALA	1.36445113336
42	104	GLU	1.08121299972
42	105	LEU	1.27492284099
42	106	ARG	1.33248940768
42	107	HIS	1.0546257637
42	108	VAL	1.0860995835
42	109	MET	1.37747159929
42	110	THR	1.3477698186
42	111	ASN	1.16857429284
42	112	LEU	1.29309855847
42	113	GLY	1.60804323706
42	114	GLU	1.9001250372
42	115	LYS	1.91134680938
42	116	LEU	1.94895968524
42	117	THR	2.11855092989
42	118	ASP	2.05547814427
42	119	GLU	2.2646286049
42	120	GLU	2.34119108119
42	121	VAL	2.10618320837
42	122	ASP	2.0862544933
42	123	GLU	2.37185121772
42	124	MET	2.35233473617
42	125	ILE	2.16684197224
42	126	ARG	2.3675064061
42	127	GLU	2.60034431042
42	128	ALA	2.49951830476
42	129	ASP	2.49906862553
42	130	ILE	2.71523781777
42	131	ASP	2.85428415621
42	132	GLY	2.85767260856
42	133	ASP	2.73393498667
42	134	GLY	2.51008745173
42	135	GLN	2.21725258381
42	136	VAL	2.01465833225
42	137	ASN	2.16291425007
42	138	TYR	2.2588874638
42	139	GLU	2.55192531682
42	140	GLU	2.58448519986
42	141	PHE	2.41009144726
42	142	VAL	2.58352583987
42	143	GLN	2.82312101533
42	144	MET	2.74616793107
42	145	MET	2.68497259198
42	146	THR	2.89798711956
42	202	ARG	3.18725161397
42	203	ARG	2.8766253879
42	204	LYS	2.51495938092
42	205	TRP	2.3326572349
42	206	GLN	2.4679218589
42	207	LYS	2.40794901948
42	208	THR	2.14272300613
42	209	GLY	2.12816039876
42	210	HIS	2.28173961263
42	211	ALA	2.12654107302
42	212	VAL	1.90522922287
42	213	ARG	2.07541266679
42	214	ALA	2.17319298189
42	215	ILE	1.93657755985
42	216	GLY	1.92571523028
42	217	ARG	2.17981647185
42	218	LEU	2.12293293681
42	219	SER	1.94548089929
42	220	SER	2.12678323986
53	5	THR	3.19423030901
53	6	GLU	3.12637583918
53	7	GLU	3.18606695047
53	8	GLN	3.0904531836
53	9	ILE	2.83542339195
53	10	ALA	2.86204889668
53	11	GLU	2.94973127871
53	12	PHE	2.73008240437
53	13	LYS	2.53615499456
53	14	GLU	2.67427731457
53	15	ALA	2.67970865889
53	16	PHE	2.40164362973
53	17	SER	2.35964753986
53	18	LEU	2.51338940865
53	19	PHE	2.37309655211
53	20	ASP	2.12777438496
53	21	LYS	2.12729010654
53	22	ASP	2.07274267667
53	23	GLY	2.13701251982
53	24	ASP	1.99152090973
53	25	GLY	1.93057270893
53	26	THR	1.74827446878
53	27	ILE	1.5938454412
53	28	THR	1.3647532417
53	29	THR	1.00795587564
53	30	LYS	1.11505215299
53	31	GLU	1.46022470077
53	32	LEU	1.55697895325
53	33	GLY	1.61413270451
53	34	THR	1.86699509523
53	35	VAL	2.04031209184
53	36	MET	2.07121437554
53	37	ARG	2.21882822941
53	38	SER	2.45080647608
53	39	LEU	2.56939812211
53	40	GLY	2.62002435761
53	41	GLN	2.46132973135
53	42	ASN	2.24752155448
53	43	PRO	1.93180546199
53	44	THR	1.69771243776
53	45	GLU	1.41370399869
53	46	ALA	1.10488477143
53	47	GLU	1.1950078067
53	48	LEU	1.23117153138
53	49	GLN	0.988044667253
53	50	ASP	0.893663226116
53	51	MET	0.965029223308
53	52	ILE	1.08623743191
53	53	ASN	0.873345111334
53	54	GLU	0.924033139627
53	55	VAL	0.967835934781
53	56	ASP	0.884898424901
53	57	ALA	0.747966161525
53	58	ASP	0.689277747268
53	59	GLY	0.549384514442
53	60	ASN	0.663210564734
53	61	GLY	0.608903130292
53	62	THR	0.887058468842
53	63	ILE	1.19873458722
53	64	ASP	1.34394809584
53	65	PHE	1.66608180034
53	66	PRO	1.69232446252
53	67	GLU	1.45987849211
53	68	PHE	1.57124460037
53	69	LEU	1.82575637833
53	70	THR	1.73068203437
53	71	MET	1.61648145396
53	72	MET	1.92726548618
53	73	ALA	2.14063557296
53	74	ARG	2.12801777843
53	75	LYS	2.29964035358
53	76	MET	2.40524100234
53	77	LYS	2.47475564366
53	78	ASP	2.80024700697
53	79	THR	2.82350940827
53	80	ASP	2.54378266444
53	81	SER	2.55516381607
53	82	GLU	2.74648704919
53	83	GLU	2.59830147273
53	84	GLU	2.37056195833
53	85	ILE	2.55538493099
53	86	ARG	2.65444215243
53	87	GLU	2.39120521459
53	88	ALA	2.39702264983
53	89	PHE	2.65490570953
53	90	ARG	2.57540646088
53	91	VAL	2.39709964295
53	92	PHE	2.6145705551
53	93	ASP	2.80711547309
53	94	LYS	2.83190642361
53	95	ASP	2.81656980958
53	96	GLY	2.91306734228
53	97	ASN	3.20992969196
53	98	GLY	3.39806526646
53	99	TYR	3.49988198832
53	100	ILE	3.46260011187
53	101	SER	3.55626269602
53	102	ALA	3.77426647424
53	103	ALA	3.67069688397
53	104	GLU	3.38383963179
53	105	LEU	3.32979316408
53	106	ARG	3.43289147358
53	107	HIS	3.2392516893
53	108	VAL	3.02216248416
53	109	MET	3.16972854512
53	110	THR	3.2383465377
53	111	ASN	2.99116820467
53	112	LEU	2.82010400105
53	113	GLY	2.96983981281
53	114	GLU	3.31791552538
53	115	LYS	3.57078124436
53	116	LEU	3.78989426294
53	117	THR	4.1010287643
53	118	ASP	4.21183389988
53	119	GLU	4.38303614728
53	120	GLU	4.30843375986
53	121	VAL	4.03921715953
53	122	ASP	4.08930308915
53	123	GLU	4.26493869437
53	124	MET	4.0825650663
53	125	ILE	3.90895291239
53	126	ARG	4.11096690501
53	127	GLU	4.179297007
53	128	ALA	3.93495767938
53	129	ASP	3.9566423884
53	130	ILE	4.03117398613
53	131	ASP	4.16176907034
53	132	GLY	4.33570521305
53	133	ASP	4.36125284679
53	134	GLY	4.28057294117
53	135	GLN	4.02124960112
53	136	VAL	3.67987006474
53	137	ASN	3.54043263362
53	138	TYR	3.33551042851
53	139	GLU	3.451885204
53	140	GLU	3.58781544625
53	141	PHE	3.37759337636
53	142	VAL	3.28506087954
53	143	GLN	3.53231178775
53	144	MET	3.5384002999
53	145	MET	3.30232893019
53	146	THR	3.2924665211
53	202	ARG	4.27671537278
53	203	ARG	4.00258341949
53	204	LYS	3.761553302
53	205	TRP	3.50943372154
53	206	GLN	3.40124421432
53	207	LYS	3.26241303948
53	208	THR	3.0255511433
53	209	GLY	2.92781851978
53	210	HIS	2.78462846274
53	211	ALA	2.52097708486
53	212	VAL	2.45118670846
53	213	ARG	2.46369438246
53	214	ALA	2.24883714455
53	215	ILE	2.0317392093
53	216	GLY	2.06969382899
53	217	ARG	2.00627312753
53	218	LEU	1.72226900746
53	219	SER	1.54862635093
53	220	SER	1.55922705763
86	5	THR	3.12718363089
86	6	GLU	3.10374399398
86	7	GLU	3.07584256258
86	8	GLN	2.86913330969
86	9	ILE	2.83356858973
86	10	ALA	2.97388879697
86	11	GLU	2.8310416266
86	12	PHE	2.60579322696
86	13	LYS	2.76208016361
86	14	GLU	2.88932216298
86	15	ALA	2.67929027759
86	16	PHE	2.59246712894
86	17	SER	2.84712987561
86	18	LEU	2.85903607333
86	19	PHE	2.64481338985
86	20	ASP	2.76001489116
86	21	LYS	2.91287105791
86	22	ASP	3.15764739629
86	23	GLY	3.33518154008
86	24	ASP	3.43564231822
86	25	GLY	3.37454131443
86	26	THR	3.12170921403
86	27	ILE	2.79116542915
86	28	THR	2.83494808818
86	29	THR	2.78486621995
86	30	LYS	2.79290774876
86	31	GLU	2.77130269975
86	32	LEU	2.51043858111
86	33	GLY	2.36407191662
86	34	THR	2.45493209841
86	35	VAL	2.34908006794
86	36	MET	2.05878264309
86	37	ARG	2.0402939792
86	38	SER	2.1435360392
86	39	LEU	1.93490583253
86	40	GLY	1.71771391493
86	41	GLN	1.60915185465
86	42	ASN	1.71085314373
86	43	PRO	1.84741115409
86	44	THR	1.98608374511
86	45	GLU	2.35595128006
86	46	ALA	2.44827665116
86	47	GLU	2.20154533397
86	48	LEU	2.14717939867
86	49	GLN	2.40453066881
86	50	ASP	2.38426804183
86	51	MET	2.15914802556
86	52	ILE	2.3079481915
86	53	ASN	2.53318933857
86	54	GLU	2.44913940423
86	55	VAL	2.48481636471
86	56	ASP	2.7308640778
86	57	ALA	3.00331119747
86	58	ASP	3.27764864224
86	59	GLY	3.30169636004
86	60	ASN	3.32685079219
86	61	GLY	3.17083816708
86	62	THR	2.97008871275
86	63	ILE	2.74669406197
86	64	ASP	2.95491084154
86	65	PHE	3.09612375124
86	66	PRO	3.18237174231
86	67	GLU	3.0236951744
86	68	PHE	2.76490316332
86	69	LEU	2.79479341214
86	70	THR	2.8242704435
86	71	MET	2.5649473875
86	72	MET	2.40570124245
86	73	ALA	2.54248336764
86	74	ARG	2.51270596305
86	75	LYS	2.38435564967
86	76	MET	2.0588598178
86	77	LYS	1.81102509748
86	78	ASP	1.55371989336
86	79	THR	1.20942430328
86	80	ASP	1.21432336704
86	81	SER	1.31401543932
86	82	GLU	1.06438826002
86	83	GLU	0.930099686975
86	84	GLU	1.16666529838
86	85	ILE	1.13206391351
86	86	ARG	0.900223072027
86	87	GLU	0.975683588448
86	88	ALA	1.17535980028
86	89	PHE	1.04223403557
86	90	ARG	0.931766714065
86	91	VAL	1.18749383612
86	92	PHE	1.28493340323
86	93	ASP	1.11776823121
86	94	LYS	1.13296114747
86	95	ASP	0.959795406968
86	96	GLY	0.696618585931
86	97	ASN	0.645149818173
86	98	GLY	0.589227892678
86	99	TYR	0.882833495196
86	100	ILE	1.1250475921
86	101	SER	1.4926697742
86	102	ALA	1.86479654229
86	103	ALA	2.0227024391
86	104	GLU	1.87672592422
86	105	LEU	1.8988356051
86	106	ARG	2.19097222144
86	107	HIS	2.27254471708
86	108	VAL	2.21539941708
86	109	MET	2.40572844193
86	110	THR	2.65948063064
86	111	ASN	2.70482969904
86	112	LEU	2.65669420352
86	113	GLY	2.72305985786
86	114	GLU	2.91364342345
86	115	LYS	3.04876090476
86	116	LEU	2.93916300972
86	117	THR	2.98403220168
86	118	ASP	2.85414902558
86	119	GLU	2.79379969119
86	120	GLU	2.73242356788
86	121	VAL	2.49479876569
86	122	ASP	2.30910737176
86	123	GLU	2.33105174864
86	124	MET	2.22671474056
86	125	ILE	1.94810127274
86	126	ARG	1.88599392515
86	127	GLU	1.9533583057
86	128	ALA	1.7537952196
86	129	ASP	1.5293314297
86	130	ILE	1.39906883255
86	131	ASP	1.29130817085
86	132	GLY	1.43886681527
86	133	ASP	1.41778718678
86	134	GLY	1.49750034197
86	135	GLN	1.35499801369
86	136	VAL	1.1378733506
86	137	ASN	0.806957066695
86	138	TYR	0.522354288922
86	139	GLU	0.609029918862
86	140	GLU	0.865828631402
86	141	PHE	1.00077953833
86	142	VAL	0.964080260926
86	143	GLN	1.08571251111
86	144	MET	1.36910673166
86	145	MET	1.46177454311
86	146	THR	1.47393016248
86	202	ARG	2.81327627635
86	203	ARG	2.5237402024
86	204	LYS	2.40865093384
86	205	TRP	2.18777649172
86	206	GLN	2.20580394502
86	207	LYS	2.39011211407
86	208	THR	2.27218012415
86	209	GLY	2.00847657574
86	210	HIS	2.01195653321
86	211	ALA	2.09721485689
86	212	VAL	1.88086521301
86	213	ARG	1.68690049663
86	214	ALA	1.84234578949
86	215	ILE	1.85715945143
86	216	GLY	1.59374168742
86	217	ARG	1.60983004166
86	218	LEU	1.81063486988
86	219	SER	1.67096085087
86	220	SER	1.48708801285
110	5	THR	3.8817651885
110	6	GLU	3.64840464378
110	7	GLU	3.42792977144
110	8	GLN	3.25729010021
110	9	ILE	3.14970091943
110	10	ALA	2.96043563824
110	11	GLU	2.72105076255
110	12	PHE	2.65832607644
110	13	LYS	2.61756575627
110	14	GLU	2.37659391831
110	15	ALA	2.16329809504
110	16	PHE	2.20934556577
110	17	SER	2.1275605335
110	18	LEU	1.81997088842
110	19	PHE	1.77581543166
110	20	ASP	1.87895188444
110	21	LYS	1.65352577217
110	22	ASP	1.67633487984
110	23	GLY	1.85822119442
110	24	ASP	2.18243727348
110	25	GLY	2.41247378465
110	26	THR	2.44535109918
110	27	ILE	2.39256694858
110	28	THR	2.33888485088
110	29	THR	2.46796394996
110	30	LYS	2.25826457091
110	31	GLU	1.96980104275
110	32	LEU	2.0226943351
110	33	GLY	1.99890069783
110	34	THR	1.62303572254
110	35	VAL	1.49696614307
110	36	MET	1.7883462616
110	37	ARG	1.68463455028
110	38	SER	1.40601056729
110	39	LEU	1.56257733939
110	40	GLY	1.71894639268
110	41	GLN	1.94091496256
110	42	ASN	2.12610904047
110	43	PRO	2.30311342532
110	44	THR	2.62608488388
110	45	GLU	2.71762439748
110	46	ALA	2.97506516409
110	47	GLU	3.04790674428
110	48	LEU	2.83015797023
110	49	GLN	2.88577266012
110	50	ASP	3.1559747064
110	51	MET	3.09687581165
110	52	ILE	2.96638188087
110	53	ASN	3.2079565175
110	54	GLU	3.40678478994
110	55	VAL	3.37457051856
110	56	ASP	3.33325715641
110	57	ALA	3.52317921328
110	58	ASP	3.59141034897
110	59	GLY	3.53774735701
110	60	ASN	3.31774638807
110	61	GLY	3.07710075058
110	62	THR	2.89815764623
110	63	ILE	2.80908480698
110	64	ASP	2.89969034406
110	65	PHE	2.87716271686
110	66	PRO	3.16467736366
110	67	GLU	3.27055314318
110	68	PHE	3.09185276106
110	69	LEU	3.1643906447
110	70	THR	3.44581288793
110	71	MET	3.41167906325
110	72	MET	3.29295735349
110	73	ALA	3.45733506713
110	74	ARG	3.69851201534
110	75	LYS	3.93600608702
110	76	MET	3.93734618968
110	77	LYS	4.05936936704
110	78	ASP	4.10352623987
110	79	THR	4.02507473922
110	80	ASP	3.85237447163
110	81	SER	3.65843010869
110	82	GLU	3.54088406434
110	83	GLU	3.45544172963
110	84	GLU	3.2582674543
110	85	ILE	3.05639889702
110	86	ARG	3.02949999509
110	87	GLU	2.93174175842
110	88	ALA	2.69220395868
110	89	PHE	2.56583449704
110	90	ARG	2.56946607947
110	91	VAL	2.38652616695
110	92	PHE	2.1426544293
110	93	ASP	2.19506814194
110	94	LYS	2.27513997281
110	95	ASP	2.54574477292
110	96	GLY	2.70652632049
110	97	ASN	2.72730944719
110	98	GLY	2.64538703646
110	99	TYR	2.40471652388
110	100	ILE	2.13799310929
110	101	SER	1.81280615279
110	102	ALA	1.5231258015
110	103	ALA	1.29183658103
110	104	GLU	1.37503481704
110	105	LEU	1.37447323378
110	106	ARG	1.0816051312
110	107	HIS	1.02103880641
110	108	VAL	1.1946340694
110	109	MET	1.100209814
110	110	THR	0.877818147982
110	111	ASN	0.928656072916
110	112	LEU	1.11394450488
110	113	GLY	1.14029164522
110	114	GLU	0.963364923994
110	115	LYS	0.704409061152
110	116	LEU	0.592714734571
110	117	THR	0.559361079668
110	118	ASP	0.71063738753
110	119	GLU	1.04708564094
110	120	GLU	1.14556935758
110	121	VAL	1.12789952217
110	122	ASP	1.33010280076
110	123	GLU	1.59297836837
110	124	MET	1.66155215287
110	125	ILE	1.73890427031
110	126	ARG	1.97214271884
110	127	GLU	2.1438660655
110	128	ALA	2.20564250987
110	129	ASP	2.35981042476
110	130	ILE	2.66280986259
110	131	ASP	2.8863585075
110	132	GLY	2.81704090108
110	133	ASP	2.75131931346
110	134	GLY	2.4876340409
110	135	GLN	2.32047566358
110	136	VAL	2.26837108086
110	137	ASN	2.55381172276
110	138	TYR	2.81582251878
110	139	GLU	3.03088338806
110	140	GLU	2.89570774908
110	141	PHE	2.71212582696
110	142	VAL	2.93267023736
110	143	GLN	3.03559567824
110	144	MET	2.82419614499
110	145	MET	2.81100695283
110	146	THR	3.07124128674
110	202	ARG	2.26309691704
110	203	ARG	2.13688480632
110	204	LYS	1.83355160461
110	205	TRP	1.87600596669
110	206	GLN	2.08323452164
110	207	LYS	1.9752500027
110	208	THR	1.89428964079
110	209	GLY	2.09250141759
110	210	HIS	2.3448419782
110	211	ALA	2.30508845683
110	212	VAL	2.24787203415
110	213	ARG	2.49977641866
110	214	ALA	2.6596015889
110	215	ILE	2.56866197685
110	216	GLY	2.66245441243
110	217	ARG	2.94520649273
110	218	LEU	2.98710687678
110	219	SER	2.94969947857
110	220	SER	3.16590603349
117	5	THR	4.22658521573
117	6	GLU	4.01711621698
117	7	GLU	3.78003212727
117	8	GLN	3.6044225049
117	9	ILE	3.55475027343
117	10	ALA	3.38854502408
117	11	GLU	3.11544835849
117	12	PHE	3.08053893184
117	13	LYS	3.11270770752
117	14	GLU	2.88351230216
117	15	ALA	2.65139106427
117	16	PHE	2.74565501207
117	17	SER	2.73456759268
117	18	LEU	2.44436477052
117	19	PHE	2.38661744044
117	20	ASP	2.56674494779
117	21	LYS	2.43996997028
117	22	ASP	2.52378921223
117	23	GLY	2.67864165478
117	24	ASP	2.97817311032
117	25	GLY	3.16268147518
117	26	THR	3.17470435983
117	27	ILE	3.10204882427
117	28	THR	3.09798659002
117	29	THR	3.22976231127
117	30	LYS	3.05050021665
117	31	GLU	2.79973120906
117	32	LEU	2.78241832949
117	33	GLY	2.73121856032
117	34	THR	2.44962513822
117	35	VAL	2.31451118773
117	36	MET	2.39735101599
117	37	ARG	2.25994976027
117	38	SER	1.96741332014
117	39	LEU	1.97832604495
117	40	GLY	2.06770022496
117	41	GLN	2.32479902561
117	42	ASN	2.58063929623
117	43	PRO	2.839928556
117	44	THR	3.19028665775
117	45	GLU	3.34733238956
117	46	ALA	3.61541961867
117	47	GLU	3.65512951946
117	48	LEU	3.44943239185
117	49	GLN	3.55104322935
117	50	ASP	3.80084272655
117	51	MET	3.70750557743
117	52	ILE	3.60729492201
117	53	ASN	3.87045102389
117	54	GLU	4.03697327567
117	55	VAL	3.99752746356
117	56	ASP	3.99574704351
117	57	ALA	4.20372476205
117	58	ASP	4.30253568524
117	59	GLY	4.26898788248
117	60	ASN	4.07339844279
117	61	GLY	3.83832659707
117	62	THR	3.6396785004
117	63	ILE	3.50576109058
117	64	ASP	3.5940814099
117	65	PHE	3.5529247894
117	66	PRO	3.81396059909
117	67	GLU	3.91399931932
117	68	PHE	3.70535267215
117	69	LEU	3.7394459539
117	70	THR	4.01102632552
117	71	MET	3.96075427438
117	72	MET	3.79764754668
117	73	ALA	3.93775705878
117	74	ARG	4.16488593186
117	75	LYS	4.36358846739
117	76	MET	4.33100854598
117	77	LYS	4.43103104327
117	78	ASP	4.41732677344
117	79	THR	4.3214228301
117	80	ASP	4.18724365387
117	81	SER	3.9911907436
117	82	GLU	3.82910762025
117	83	GLU	3.75715182844
117	84	GLU	3.60236998227
117	85	ILE	3.36603382677
117	86	ARG	3.30395187078
117	87	GLU	3.25163846631
117	88	ALA	3.02920646088
117	89	PHE	2.84097571537
117	90	ARG	2.84666245685
117	91	VAL	2.72315866527
117	92	PHE	2.44196325225
117	93	ASP	2.42583420308
117	94	LYS	2.49169920796
117	95	ASP	2.76690802312
117	96	GLY	2.89784683131
117	97	ASN	2.8451408734
117	98	GLY	2.70960606894
117	99	TYR	2.42582351046
117	100	ILE	2.16092613713
117	101	SER	1.78300540359
117	102	ALA	1.35263499642
117	103	ALA	1.14932179852
117	104	GLU	1.43341737249
117	105	LEU	1.49800713716
117	106	ARG	1.24053892446
117	107	HIS	1.18907697564
117	108	VAL	1.47338516125
117	109	MET	1.37894550775
117	110	THR	1.11607281129
117	111	ASN	1.29300988289
117	112	LEU	1.58699225768
117	113	GLY	1.62614739768
117	114	GLU	1.37957235457
117	115	LYS	1.0190602817
117	116	LEU	0.948501225558
117	117	THR	0.854771082272
117	118	ASP	0.762189352688
117	119	GLU	0.781046293119
117	120	GLU	1.06369018746
117	121	VAL	1.19698790589
117	122	ASP	1.20094684352
117	123	GLU	1.39468841928
117	124	MET	1.60818667508
117	125	ILE	1.70580065641
117	126	ARG	1.8278184869
117	127	GLU	2.02721394341
117	128	ALA	2.18012969823
117	129	ASP	2.30128387817
117	130	ILE	2.59693454287
117	131	ASP	2.7847941064
117	132	GLY	2.64422152716
117	133	ASP	2.53876589869
117	134	GLY	2.25573845861
117	135	GLN	2.1567458185
117	136	VAL	2.23466052367
117	137	ASN	2.58450677515
117	138	TYR	2.91340971887
117	139	GLU	3.11988830034
117	140	GLU	2.95384445248
117	141	PHE	2.82696072607
117	142	VAL	3.08595065542
117	143	GLN	3.14399795393
117	144	MET	2.93882998497
117	145	MET	2.99317842388
117	146	THR	3.26694577101
117	202	ARG	2.25419459104
117	203	ARG	2.12287375979
117	204	LYS	1.8966821943
117	205	TRP	2.04031462446
117	206	GLN	2.28522958739
117	207	LYS	2.24268528118
117	208	THR	2.22793752162
117	209	GLY	2.41268282652
117	210	HIS	2.69422528833
117	211	ALA	2.72863694883
117	212	VAL	2.66064324289
117	213	ARG	2.87878128548
117	214	ALA	3.09270117754
117	215	ILE	3.04990099796
117	216	GLY	3.10141330029
117	217	ARG	3.38396407296
117	218	LEU	3.48616262183
117	219	SER	3.44790825722
117	220	SER	3.6260198195
127	5	THR	2.64338233108
127	6	GLU	2.68465833495
127	7	GLU	2.50374211916
127	8	GLN	2.34973835381
127	9	ILE	2.48454724693
127	10	ALA	2.48594787237
127	11	GLU	2.2191431
127	12	PHE	2.23567291331
127	13	LYS	2.49313525522
127	14	GLU	2.42524737361
127	15	ALA	2.24370821809
127	16	PHE	2.44685706542
127	17	SER	2.64907572702
127	18	LEU	2.53088848994
127	19	PHE	2.53299582142
127	20	ASP	2.81875755801
127	21	LYS	2.97313996558
127	22	ASP	3.23033563471
127	23	GLY	3.29313276957
127	24	ASP	3.46931243012
127	25	GLY	3.44125335145
127	26	THR	3.35974494705
127	27	ILE	3.25513444694
127	28	THR	3.46092326397
127	29	THR	3.68175989009
127	30	LYS	3.69681293931
127	31	GLU	3.47297581428
127	32	LEU	3.26305730441
127	33	GLY	3.28531893164
127	34	THR	3.20455914264
127	35	VAL	2.93091803305
127	36	MET	2.840349184
127	37	ARG	2.89283959597
127	38	SER	2.7146592866
127	39	LEU	2.46650746993
127	40	GLY	2.51816696354
127	41	GLN	2.73857843784
127	42	ASN	3.09255215042
127	43	PRO	3.34085762114
127	44	THR	3.67577523794
127	45	GLU	3.94873695198
127	46	ALA	4.11868095199
127	47	GLU	3.97471265843
127	48	LEU	3.74867907689
127	49	GLN	3.87332688356
127	50	ASP	3.970195937
127	51	MET	3.72437772827
127	52	ILE	3.64313863078
127	53	ASN	3.88316669926
127	54	GLU	3.87335066764
127	55	VAL	3.73085760918
127	56	ASP	3.84606717781
127	57	ALA	4.03590157187
127	58	ASP	4.23240714096
127	59	GLY	4.34132165106
127	60	ASN	4.300801353
127	61	GLY	4.16404734771
127	62	THR	3.88251901455
127	63	ILE	3.55983750262
127	64	ASP	3.56475319274
127	65	PHE	3.43159477288
127	66	PRO	3.52728917003
127	67	GLU	3.58266337593
127	68	PHE	3.32138654371
127	69	LEU	3.18665148592
127	70	THR	3.34729847106
127	71	MET	3.26899820565
127	72	MET	2.98241885174
127	73	ALA	2.96983296485
127	74	ARG	3.0927450442
127	75	LYS	3.1132891565
127	76	MET	3.01439475022
127	77	LYS	3.09781152275
127	78	ASP	2.92700793695
127	79	THR	2.89615006884
127	80	ASP	2.9443341738
127	81	SER	2.71259860762
127	82	GLU	2.49773944186
127	83	GLU	2.61905915041
127	84	GLU	2.6200564423
127	85	ILE	2.34167389248
127	86	ARG	2.34970823629
127	87	GLU	2.54188115265
127	88	ALA	2.39061236722
127	89	PHE	2.19899221739
127	90	ARG	2.41436480155
127	91	VAL	2.51834178694
127	92	PHE	2.34135815748
127	93	ASP	2.36087690037
127	94	LYS	2.63175624029
127	95	ASP	2.82114972279
127	96	GLY	2.68779329882
127	97	ASN	2.53890161142
127	98	GLY	2.27310877672
127	99	TYR	2.13202650592
127	100	ILE	1.98352575349
127	101	SER	1.87316758606
127	102	ALA	1.74134795784
127	103	ALA	1.96199659468
127	104	GLU	2.07308141261
127	105	LEU	1.87690687835
127	106	ARG	1.88236531239
127	107	HIS	2.15864175677
127	108	VAL	2.14860767422
127	109	MET	1.98751836557
127	110	THR	2.16814530429
127	111	ASN	2.41420144249
127	112	LEU	2.37789844245
127	113	GLY	2.18326327752
127	114	GLU	1.97962568882
127	115	LYS	1.99925192574
127	116	LEU	1.78578240917
127	117	THR	1.67515163392
127	118	ASP	1.72061256745
127	119	GLU	1.49340281681
127	120	GLU	1.23413718202
127	121	VAL	1.27455521234
127	122	ASP	1.31248581943
127	123	GLU	1.04291751008
127	124	MET	0.934056901365
127	125	ILE	1.14935076487
127	126	ARG	1.0755034628
127	127	GLU	0.86175983537
127	128	ALA	0.965585559904
127	129	ASP	1.06559815669
127	130	ILE	0.987948860267
127	131	ASP	1.02176832013
127	132	GLY	0.912531411738
127	133	ASP	1.25578945887
127	134	GLY	1.36664330133
127	135	GLN	1.54560237569
127	136	VAL	1.63548940585
127	137	ASN	1.70691233794
127	138	TYR	1.92943811799
127	139	GLU	1.81824207529
127	140	GLU	1.51626730165
127	141	PHE	1.52430490081
127	142	VAL	1.62438874675
127	143	GLN	1.33752270383
127	144	MET	1.08908299856
127	145	MET	1.35867867868
127	146	THR	1.52365033171
127	202	ARG	0.640302131546
127	203	ARG	0.638622169178
127	204	LYS	0.872910645891
127	205	TRP	1.13213592489
127	206	GLN	1.24068834979
127	207	LYS	1.47222198888
127	208	THR	1.67776689839
127	209	GLY	1.70137086129
127	210	HIS	1.8510965224
127	211	ALA	2.13108138858
127	212	VAL	2.17139993616
127	213	ARG	2.16340377237
127	214	ALA	2.39943024622
127	215	ILE	2.60100016038
127	216	GLY	2.59057648918
127	217	ARG	2.70783273883
127	218	LEU	2.96545833628
127	219	SER	3.05357834709
127	220	SER	3.08755358049
143	5	THR	2.2186242889
143	6	GLU	2.3827018894
143	7	GLU	2.36319235667
143	8	GLN	2.19731204992
143	9	ILE	2.33043128696
143	10	ALA	2.48509988016
143	11	GLU	2.29760279256
143	12	PHE	2.21747281522
143	13	LYS	2.52454614175
143	14	GLU	2.62835991106
143	15	ALA	2.48091997705
143	16	PHE	2.58590696464
143	17	SER	2.8779755668
143	18	LEU	2.90107950018
143	19	PHE	2.83629717633
143	20	ASP	3.05523552296
143	21	LYS	3.28973769236
143	22	ASP	3.57679310786
143	23	GLY	3.65462908741
143	24	ASP	3.74677082014
143	25	GLY	3.63013540069
143	26	THR	3.4483625259
143	27	ILE	3.24850514861
143	28	THR	3.45469647035
143	29	THR	3.59111683253
143	30	LYS	3.67372249414
143	31	GLU	3.54905830242
143	32	LEU	3.27255296603
143	33	GLY	3.26009252086
143	34	THR	3.31219242261
143	35	VAL	3.08190942249
143	36	MET	2.87388211909
143	37	ARG	2.95681956342
143	38	SER	2.92660875121
143	39	LEU	2.64849177611
143	40	GLY	2.5845614219
143	41	GLN	2.66103040909
143	42	ASN	2.93049404557
143	43	PRO	3.11574952521
143	44	THR	3.35106628943
143	45	GLU	3.66523834228
143	46	ALA	3.75859167472
143	47	GLU	3.52557558622
143	48	LEU	3.36536807861
143	49	GLN	3.52486013526
143	50	ASP	3.50937951348
143	51	MET	3.22653283107
143	52	ILE	3.23526860723
143	53	ASN	3.43522789922
143	54	GLU	3.31410270436
143	55	VAL	3.19777470386
143	56	ASP	3.4082636859
143	57	ALA	3.60702373772
143	58	ASP	3.86555411243
143	59	GLY	3.9974451635
143	60	ASN	4.04977710593
143	61	GLY	3.95419064372
143	62	THR	3.68931090497
143	63	ILE	3.35032749229
143	64	ASP	3.39696028662
143	65	PHE	3.34587848918
143	66	PRO	3.35600349992
143	67	GLU	3.29701822921
143	68	PHE	3.03186221536
143	69	LEU	2.89308463923
143	70	THR	2.92806678585
143	71	MET	2.76268008064
143	72	MET	2.4859399108
143	73	ALA	2.45358980208
143	74	ARG	2.43297162892
143	75	LYS	2.26772443676
143	76	MET	2.01480832901
143	77	LYS	1.94317882654
143	78	ASP	1.61423556264
143	79	THR	1.52661177422
143	80	ASP	1.71036266705
143	81	SER	1.57738375095
143	82	GLU	1.31625308971
143	83	GLU	1.501357756
143	84	GLU	1.70517903454
143	85	ILE	1.54574300698
143	86	ARG	1.51013667372
143	87	GLU	1.80794089094
143	88	ALA	1.86158899389
143	89	PHE	1.74282236473
143	90	ARG	1.92351760569
143	91	VAL	2.16824940482
143	92	PHE	2.16072652593
143	93	ASP	2.13715592387
143	94	LYS	2.36741328494
143	95	ASP	2.40142325216
143	96	GLY	2.13727963977
143	97	ASN	1.997424481
143	98	GLY	1.7990750469
143	99	TYR	1.86448365474
143	100	ILE	1.9039714604
143	101	SER	2.05484852694
143	102	ALA	2.20612751357
143	103	ALA	2.47297656842
143	104	GLU	2.45212090606
143	105	LEU	2.3136473677
143	106	ARG	2.51040184999
143	107	HIS	2.72902389725
143	108	VAL	2.65118520167
143	109	MET	2.65245599237
143	110	THR	2.92537015376
143	111	ASN	3.0714886266
143	112	LEU	2.96938439171
143	113	GLY	2.86168552263
143	114	GLU	2.87900705649
143	115	LYS	3.03489031155
143	116	LEU	2.89543976462
143	117	THR	2.88068901991
143	118	ASP	2.83789958131
143	119	GLU	2.65971288744
143	120	GLU	2.46960555052
143	121	VAL	2.33520523527
143	122	ASP	2.21341566787
143	123	GLU	2.0205510789
143	124	MET	1.84396664418
143	125	ILE	1.75446785143
143	126	ARG	1.59727535709
143	127	GLU	1.35689308913
143	128	ALA	1.23174733306
143	129	ASP	1.16909379383
143	130	ILE	0.887288852031
143	131	ASP	0.723645227535
143	132	GLY	0.956164344943
143	133	ASP	1.24525776098
143	134	GLY	1.49176360771
143	135	GLN	1.60276904675
143	136	VAL	1.55904015703
143	137	ASN	1.33877895925
143	138	TYR	1.2598281325
143	139	GLU	0.928542053359
143	140	GLU	0.922164462114
143	141	PHE	1.12550044839
143	142	VAL	1.03146667246
143	143	GLN	0.849580293137
143	144	MET	0.948289914144
143	145	MET	1.06305165229
143	146	THR	0.94107957513
143	202	ARG	1.70775041502
143	203	ARG	1.58670140283
143	204	LYS	1.80591030573
143	205	TRP	1.74459257024
143	206	GLN	1.62913195594
143	207	LYS	1.89942538606
143	208	THR	2.03997570725
143	209	GLY	1.85320116311
143	210	HIS	1.80551604838
143	211	ALA	2.10274354036
143	212	VAL	2.10369151898
143	213	ARG	1.90733796582
143	214	ALA	2.06940255851
143	215	ILE	2.29849004602
143	216	GLY	2.16579567195
143	217	ARG	2.12405823683
143	218	LEU	2.4139664455
143	219	SER	2.48478409505
143	220	SER	2.36256065527
